NC_022583.1	NC_022583|1	100.000	825824	0	0	1	825824	1	825824	0.0	1.525e+06
NC_022583.1	NC_022583|1	99.899	4970	4	1	477803	482771	200290	195321	0.0	9149
NC_022583.1	NC_022583|1	99.899	4970	4	1	195321	200290	482771	477803	0.0	9149
NC_022583.1	NC_022583|1	93.492	630	38	3	343295	343922	340674	341302	0.0	933
NC_022583.1	NC_022583|1	93.492	630	38	3	340674	341302	343295	343922	0.0	933
NC_022583.1	NC_022583|1	98.971	486	5	0	528175	528660	527929	528414	0.0	870
NC_022583.1	NC_022583|1	98.971	486	5	0	527929	528414	528175	528660	0.0	870
NC_022583.1	NC_022583|1	82.834	734	120	6	508169	508899	506311	507041	0.0	652
NC_022583.1	NC_022583|1	82.857	735	118	8	506311	507041	508169	508899	0.0	652
NC_022583.1	NC_022583|1	74.851	1507	311	52	748302	749775	51661	50190	3.08e-174	621
NC_022583.1	NC_022583|1	74.802	1512	315	54	50190	51667	749775	748296	3.08e-174	621
NC_022583.1	NC_022583|1	77.921	933	188	15	96083	97003	94642	95568	1.46e-157	566
NC_022583.1	NC_022583|1	77.921	933	188	15	94642	95568	96083	97003	1.46e-157	566
NC_022583.1	NC_022583|1	99.000	300	3	0	424197	424496	423864	424163	3.19e-149	538
NC_022583.1	NC_022583|1	99.000	300	3	0	423864	424163	424197	424496	3.19e-149	538
NC_022583.1	NC_022583|1	86.902	481	59	4	666760	667238	666499	666977	1.15e-148	536
NC_022583.1	NC_022583|1	86.902	481	59	4	666499	666977	666760	667238	1.15e-148	536
NC_022583.1	NC_022583|1	86.996	446	38	10	415455	415883	411011	411453	4.21e-133	484
NC_022583.1	NC_022583|1	86.996	446	38	10	411011	411453	415455	415883	4.21e-133	484
NC_022583.1	NC_022583|1	80.371	647	119	8	642534	643176	508274	508916	4.21e-133	484
NC_022583.1	NC_022583|1	80.371	647	119	8	508274	508916	642534	643176	4.21e-133	484
NC_022583.1	NC_022583|1	77.376	747	158	10	642429	643168	506308	507050	1.55e-117	433
NC_022583.1	NC_022583|1	77.376	747	158	10	506308	507050	642429	643168	1.55e-117	433
NC_022583.1	NC_022583|1	98.750	240	3	0	528421	528660	527929	528168	7.20e-116	427
NC_022583.1	NC_022583|1	98.750	240	3	0	527929	528168	528421	528660	7.20e-116	427
NC_022583.1	NC_022583|1	85.821	402	56	1	750802	751203	13888	13488	2.59e-115	425
NC_022583.1	NC_022583|1	85.821	402	56	1	13488	13888	751203	750802	2.59e-115	425
NC_022583.1	NC_022583|1	98.305	236	4	0	668241	668476	667977	668212	5.61e-112	414
NC_022583.1	NC_022583|1	98.305	236	4	0	667977	668212	668241	668476	5.61e-112	414
NC_022583.1	NC_022583|1	97.458	236	6	0	60068	60303	58784	59019	1.21e-108	403
NC_022583.1	NC_022583|1	97.458	236	6	0	58784	59019	60068	60303	1.21e-108	403
NC_022583.1	NC_022583|1	76.020	809	166	23	50878	51674	15525	16317	7.31e-106	394
NC_022583.1	NC_022583|1	76.020	809	166	23	15525	16317	50878	51674	7.31e-106	394
NC_022583.1	NC_022583|1	80.147	408	79	2	642517	642923	640590	640996	1.27e-78	303
NC_022583.1	NC_022583|1	80.196	409	77	4	640590	640996	642517	642923	1.27e-78	303
NC_022583.1	NC_022583|1	77.778	486	100	8	640499	640980	508166	508647	2.74e-75	292
NC_022583.1	NC_022583|1	77.869	488	96	9	508166	508647	640499	640980	2.74e-75	292
NC_022583.1	NC_022583|1	85.612	278	38	2	667126	667402	667051	667327	9.86e-75	291
NC_022583.1	NC_022583|1	85.612	278	38	2	667051	667327	667126	667402	9.86e-75	291
NC_022583.1	NC_022583|1	92.432	185	14	0	667129	667313	666793	666977	5.98e-67	265
NC_022583.1	NC_022583|1	92.432	185	14	0	666793	666977	667129	667313	5.98e-67	265
NC_022583.1	NC_022583|1	75.746	536	112	18	640501	641027	506310	506836	1.29e-63	254
NC_022583.1	NC_022583|1	75.655	534	116	14	506310	506836	640501	641027	1.29e-63	254
NC_022583.1	NC_022583|1	94.805	154	6	2	666564	666716	666489	666641	3.62e-59	239
NC_022583.1	NC_022583|1	94.805	154	6	2	666489	666641	666564	666716	3.62e-59	239
NC_022583.1	NC_022583|1	85.345	232	26	7	667086	667313	666489	666716	1.69e-57	233
NC_022583.1	NC_022583|1	85.345	232	26	7	666489	666716	667086	667313	1.69e-57	233
NC_022583.1	NC_022583|1	84.549	233	34	2	667171	667402	667021	667252	2.18e-56	230
NC_022583.1	NC_022583|1	84.549	233	34	2	667021	667252	667171	667402	2.18e-56	230
NC_022583.1	NC_022583|1	84.279	229	34	2	667161	667388	666489	666716	3.65e-54	222
NC_022583.1	NC_022583|1	84.279	229	34	2	666489	666716	667161	667388	3.65e-54	222
NC_022583.1	NC_022583|1	90.419	167	16	0	667236	667402	666489	666655	1.31e-53	220
NC_022583.1	NC_022583|1	90.419	167	16	0	666489	666655	667236	667402	1.31e-53	220
NC_022583.1	NC_022583|1	87.766	188	19	4	667053	667238	666531	666716	1.70e-52	217
NC_022583.1	NC_022583|1	87.766	188	19	4	666531	666716	667053	667238	1.70e-52	217
NC_022583.1	NC_022583|1	81.923	260	41	6	749294	749549	15330	15073	6.10e-52	215
NC_022583.1	NC_022583|1	82.101	257	40	6	15076	15330	749546	749294	6.10e-52	215
NC_022583.1	NC_022583|1	85.484	186	27	0	667203	667388	666792	666977	7.95e-46	195
NC_022583.1	NC_022583|1	85.484	186	27	0	666792	666977	667203	667388	7.95e-46	195
NC_022583.1	NC_022583|1	90.278	144	12	2	667021	667163	666574	666716	1.33e-43	187
NC_022583.1	NC_022583|1	90.278	144	12	2	666574	666716	667021	667163	1.33e-43	187
NC_022583.1	NC_022583|1	86.709	158	19	2	667246	667402	666760	666916	1.04e-39	174
NC_022583.1	NC_022583|1	86.624	157	21	0	666760	666916	667246	667402	1.04e-39	174
NC_022583.1	NC_022583|1	85.806	155	17	3	667011	667163	666826	666977	2.90e-35	159
NC_022583.1	NC_022583|1	85.806	155	17	3	666826	666977	667011	667163	2.90e-35	159
NC_022583.1	NC_022583|1	89.167	120	10	2	454271	454390	195115	194999	2.26e-31	147
NC_022583.1	NC_022583|1	89.167	120	10	2	194999	195115	454390	454271	2.26e-31	147
NC_022583.1	NC_022583|1	87.023	131	11	1	628779	628903	628719	628849	2.92e-30	143
NC_022583.1	NC_022583|1	87.023	131	11	1	628719	628849	628779	628903	2.92e-30	143
NC_022583.1	NC_022583|1	83.117	154	24	2	666825	666977	666489	666641	3.78e-29	139
NC_022583.1	NC_022583|1	83.117	154	24	2	666489	666641	666825	666977	3.78e-29	139
NC_022583.1	NC_022583|1	82.500	160	22	5	667246	667402	667021	667177	4.89e-28	135
NC_022583.1	NC_022583|1	82.500	160	22	5	667021	667177	667246	667402	4.89e-28	135
NC_022583.1	NC_022583|1	95.294	85	3	1	413668	413752	413450	413533	1.76e-27	134
NC_022583.1	NC_022583|1	95.294	85	3	1	413450	413533	413668	413752	1.76e-27	134
NC_022583.1	NC_022583|1	84.677	124	15	3	370595	370716	5332	5453	1.37e-23	121
NC_022583.1	NC_022583|1	84.677	124	15	3	5332	5453	370595	370716	1.37e-23	121
NC_022583.1	NC_022583|1	90.217	92	9	0	667311	667402	666489	666580	1.37e-23	121
NC_022583.1	NC_022583|1	90.217	92	9	0	666489	666580	667311	667402	1.37e-23	121
NC_022583.1	NC_022583|1	82.759	145	11	8	423309	423440	423204	423347	1.77e-22	117
NC_022583.1	NC_022583|1	82.759	145	11	8	423204	423347	423309	423440	1.77e-22	117
NC_022583.1	NC_022583|1	91.463	82	7	0	667321	667402	666760	666841	2.29e-21	113
NC_022583.1	NC_022583|1	91.463	82	7	0	667321	667402	667021	667102	2.29e-21	113
NC_022583.1	NC_022583|1	91.463	82	7	0	666760	666841	667321	667402	2.29e-21	113
NC_022583.1	NC_022583|1	91.463	82	7	0	667021	667102	667321	667402	2.29e-21	113
NC_022583.1	NC_022583|1	84.685	111	17	0	666867	666977	666792	666902	8.24e-21	111
NC_022583.1	NC_022583|1	84.685	111	17	0	666792	666902	666867	666977	8.24e-21	111
NC_022583.1	NC_022583|1	89.873	79	6	2	666639	666716	666489	666566	1.78e-17	100
NC_022583.1	NC_022583|1	89.873	79	6	2	666489	666566	666639	666716	1.78e-17	100
NC_022583.1	NC_022583|1	83.333	102	11	4	628808	628903	628718	628819	3.86e-14	89.8
NC_022583.1	NC_022583|1	83.333	102	11	4	628718	628819	628808	628903	3.86e-14	89.8
NC_022583.1	NC_022583|1	82.143	84	12	3	699791	699871	637404	637487	5.03e-08	69.4
NC_022583.1	NC_022583|1	82.143	84	12	3	637404	637487	699791	699871	5.03e-08	69.4
NC_022583.1	NC_022583|1	100.000	36	0	0	273845	273880	271285	271320	1.81e-07	67.6
NC_022583.1	NC_022583|1	100.000	34	0	0	394679	394712	396349	396382	2.34e-06	63.9
NC_022583.1	NC_022583|1	100.000	33	0	0	585065	585097	585023	585055	8.42e-06	62.1
NC_022583.1	NC_022583|1	100.000	33	0	0	585023	585055	585065	585097	8.42e-06	62.1
NC_022583.1	NC_022568|1	78.622	3106	542	94	197174	200203	2400979	2397920	0.0	1945
NC_022583.1	NC_022568|1	78.590	3106	543	94	197174	200203	1748179	1745120	0.0	1940
NC_022583.1	NC_022568|1	78.583	3105	545	92	197174	200203	1852152	1849093	0.0	1940
NC_022583.1	NC_022568|1	78.597	3107	542	94	197174	200203	2634873	2631813	0.0	1940
NC_022583.1	NC_022568|1	78.590	3106	542	94	477890	480918	2397920	2400979	0.0	1938
NC_022583.1	NC_022568|1	78.565	3107	543	93	197174	200203	233746	236806	0.0	1934
NC_022583.1	NC_022568|1	78.565	3107	543	93	197174	200203	239768	242828	0.0	1934
NC_022583.1	NC_022568|1	78.565	3107	542	94	477890	480918	2631813	2634873	0.0	1934
NC_022583.1	NC_022568|1	78.558	3106	543	94	477890	480918	1745120	1748179	0.0	1932
NC_022583.1	NC_022568|1	78.551	3105	545	92	477890	480918	1849093	1852152	0.0	1932
NC_022583.1	NC_022568|1	78.532	3107	543	93	477890	480918	236806	233746	0.0	1929
NC_022583.1	NC_022568|1	78.532	3107	543	93	477890	480918	242828	239768	0.0	1929
NC_022583.1	NC_022568|1	80.877	1574	247	37	195431	196965	231940	233498	0.0	1190
NC_022583.1	NC_022568|1	80.877	1574	247	37	195431	196965	237962	239520	0.0	1190
NC_022583.1	NC_022568|1	80.877	1574	247	37	195431	196965	1749985	1748427	0.0	1190
NC_022583.1	NC_022568|1	80.889	1575	245	39	195431	196965	1853958	1852400	0.0	1190
NC_022583.1	NC_022568|1	80.877	1574	247	37	195431	196965	2403036	2401478	0.0	1190
NC_022583.1	NC_022568|1	80.889	1575	245	39	195431	196965	2636930	2635372	0.0	1190
NC_022583.1	NC_022568|1	80.813	1574	248	37	481127	482661	233498	231940	0.0	1184
NC_022583.1	NC_022568|1	80.813	1574	248	37	481127	482661	239520	237962	0.0	1184
NC_022583.1	NC_022568|1	80.813	1574	248	37	481127	482661	1748427	1749985	0.0	1184
NC_022583.1	NC_022568|1	80.825	1575	246	39	481127	482661	1852400	1853958	0.0	1184
NC_022583.1	NC_022568|1	80.813	1574	248	37	481127	482661	2401478	2403036	0.0	1184
NC_022583.1	NC_022568|1	80.825	1575	246	39	481127	482661	2635372	2636930	0.0	1184
NC_022583.1	NC_022568|1	76.790	1159	249	19	756304	757452	2693086	2694234	1.42e-177	632
NC_022583.1	NC_022568|1	80.556	324	46	12	454332	454643	2216527	2216209	1.69e-57	233
NC_022583.1	NC_022568|1	87.574	169	18	3	606700	606865	237688	237520	2.86e-45	193
NC_022583.1	NC_022568|1	81.405	242	33	9	606152	606388	2397190	2397424	1.33e-43	187
NC_022583.1	NC_022568|1	81.328	241	31	8	606153	606388	1743658	1743889	1.72e-42	183
NC_022583.1	NC_022568|1	74.478	431	92	13	728451	728872	270028	269607	1.34e-38	171
NC_022583.1	NC_022568|1	85.294	170	19	5	606702	606865	1744243	1744412	1.34e-38	171
NC_022583.1	NC_022568|1	77.627	295	45	7	606401	606694	1743931	1744205	2.90e-35	159
NC_022583.1	NC_022568|1	70.485	1030	237	51	339124	340127	1352310	1353298	3.75e-34	156
NC_022583.1	NC_022532|1	78.652	2937	532	82	478024	480918	24268	21385	0.0	1862
NC_022583.1	NC_022532|1	78.652	2937	532	82	478024	480918	84760	81877	0.0	1862
NC_022583.1	NC_022532|1	78.652	2937	532	82	478024	480918	297867	294984	0.0	1862
NC_022583.1	NC_022532|1	78.652	2937	532	82	478024	480918	352044	349161	0.0	1862
NC_022583.1	NC_022532|1	78.598	2953	535	84	478006	480915	1551691	1554589	0.0	1862
NC_022583.1	NC_022532|1	78.618	2937	533	82	197174	200068	21385	24268	0.0	1857
NC_022583.1	NC_022532|1	78.618	2937	533	82	197174	200068	81877	84760	0.0	1857
NC_022583.1	NC_022532|1	78.618	2937	533	82	197174	200068	294984	297867	0.0	1857
NC_022583.1	NC_022532|1	78.618	2937	533	82	197174	200068	349161	352044	0.0	1857
NC_022583.1	NC_022532|1	78.564	2953	536	84	197177	200086	1554589	1551691	0.0	1857
NC_022583.1	NC_022532|1	81.621	1567	236	34	481127	482655	21096	19544	0.0	1251
NC_022583.1	NC_022532|1	81.621	1567	236	34	481127	482655	81588	80036	0.0	1251
NC_022583.1	NC_022532|1	81.621	1567	236	34	481127	482655	294695	293143	0.0	1251
NC_022583.1	NC_022532|1	81.621	1567	236	34	481127	482655	348872	347320	0.0	1251
NC_022583.1	NC_022532|1	81.592	1570	237	34	481124	482655	1554878	1556433	0.0	1251
NC_022583.1	NC_022532|1	81.557	1567	237	34	195437	196965	19544	21096	0.0	1245
NC_022583.1	NC_022532|1	81.557	1567	237	34	195437	196965	80036	81588	0.0	1245
NC_022583.1	NC_022532|1	81.557	1567	237	34	195437	196965	293143	294695	0.0	1245
NC_022583.1	NC_022532|1	81.557	1567	237	34	195437	196965	347320	348872	0.0	1245
NC_022583.1	NC_022532|1	81.529	1570	238	34	195437	196968	1556433	1554878	0.0	1245
NC_022583.1	NC_022532|1	85.311	177	21	4	606315	606490	25646	25474	8.01e-41	178
NC_022583.1	NC_022532|1	85.311	177	21	4	606315	606490	85517	85345	8.01e-41	178
NC_022583.1	NC_022532|1	86.111	108	13	2	454399	454505	85945	85839	6.37e-22	115
NC_022583.1	NC_022532|1	92.105	76	4	2	606792	606866	25288	25214	3.83e-19	106
NC_022583.1	NC_022532|1	93.056	72	5	0	454399	454470	1095416	1095487	3.83e-19	106
NC_022583.1	NC_022524|1	78.037	3128	548	102	477878	480918	16390	13315	0.0	1842
NC_022583.1	NC_022524|1	78.037	3128	548	101	477878	480918	272675	269600	0.0	1842
NC_022583.1	NC_022524|1	78.005	3128	550	103	197174	200215	13315	16390	0.0	1838
NC_022583.1	NC_022524|1	78.019	3130	546	104	477878	480918	99798	96722	0.0	1838
NC_022583.1	NC_022524|1	78.012	3129	548	102	477878	480918	105636	102560	0.0	1838
NC_022583.1	NC_022524|1	78.005	3128	550	102	197174	200215	269600	272675	0.0	1838
NC_022583.1	NC_022524|1	77.991	3126	554	96	477878	480918	2893394	2896470	0.0	1838
NC_022583.1	NC_022524|1	77.980	3129	549	102	477878	480918	38442	35366	0.0	1832
NC_022583.1	NC_022524|1	77.987	3130	548	105	197174	200215	96722	99798	0.0	1832
NC_022583.1	NC_022524|1	77.980	3129	550	103	197174	200215	102560	105636	0.0	1832
NC_022583.1	NC_022524|1	77.959	3126	556	97	197174	200215	2896470	2893394	0.0	1832
NC_022583.1	NC_022524|1	77.948	3129	551	103	197174	200215	35366	38442	0.0	1827
NC_022583.1	NC_022524|1	78.403	2968	526	86	478024	480918	171391	168466	0.0	1823
NC_022583.1	NC_022524|1	78.403	2968	526	85	478024	480918	1038824	1035899	0.0	1823
NC_022583.1	NC_022524|1	78.403	2968	526	86	478024	480918	3781122	3784047	0.0	1823
NC_022583.1	NC_022524|1	78.369	2968	527	86	197174	200068	168466	171391	0.0	1818
NC_022583.1	NC_022524|1	78.369	2968	527	85	197174	200068	1035899	1038824	0.0	1818
NC_022583.1	NC_022524|1	78.369	2968	527	86	197174	200068	3784047	3781122	0.0	1818
NC_022583.1	NC_022524|1	81.420	1577	237	36	195440	196976	33437	34997	0.0	1238
NC_022583.1	NC_022524|1	81.357	1577	238	36	481116	482652	34997	33437	0.0	1232
NC_022583.1	NC_022524|1	81.329	1580	239	36	195440	196979	2898313	2896750	0.0	1232
NC_022583.1	NC_022524|1	81.282	1576	241	35	195440	196976	11386	12946	0.0	1227
NC_022583.1	NC_022524|1	81.282	1576	241	35	195440	196976	94992	96552	0.0	1227
NC_022583.1	NC_022524|1	81.282	1576	241	35	195440	196976	100830	102390	0.0	1227
NC_022583.1	NC_022524|1	81.282	1576	241	35	195440	196976	166736	168296	0.0	1227
NC_022583.1	NC_022524|1	81.282	1576	241	35	195440	196976	267870	269430	0.0	1227
NC_022583.1	NC_022524|1	81.294	1577	239	36	195440	196976	1034056	1035616	0.0	1227
NC_022583.1	NC_022524|1	81.266	1580	240	36	481113	482652	2896750	2898313	0.0	1227
NC_022583.1	NC_022524|1	81.254	1579	242	35	195440	196979	3785891	3784328	0.0	1227
NC_022583.1	NC_022524|1	81.218	1576	242	35	481116	482652	12946	11386	0.0	1221
NC_022583.1	NC_022524|1	81.218	1576	242	35	481116	482652	96552	94992	0.0	1221
NC_022583.1	NC_022524|1	81.218	1576	242	35	481116	482652	102390	100830	0.0	1221
NC_022583.1	NC_022524|1	81.218	1576	242	35	481116	482652	168296	166736	0.0	1221
NC_022583.1	NC_022524|1	81.218	1576	242	35	481116	482652	269430	267870	0.0	1221
NC_022583.1	NC_022524|1	81.230	1577	240	36	481116	482652	1035616	1034056	0.0	1221
NC_022583.1	NC_022524|1	81.191	1579	243	35	481113	482652	3784328	3785891	0.0	1221
NC_022583.1	NC_022524|1	77.843	677	78	30	606227	606865	3779483	3780125	1.24e-93	353
NC_022583.1	NC_022524|1	81.145	297	27	14	606700	606993	100682	100412	7.90e-51	211
NC_022583.1	NC_022524|1	79.920	249	37	10	194638	194885	171864	172100	1.34e-38	171
NC_022583.1	NC_022524|1	86.301	146	17	3	454328	454471	267185	267041	3.75e-34	156
NC_022583.1	NC_022524|1	84.416	154	20	3	194730	194883	99862	100011	6.28e-32	148
NC_022583.1	NC_022524|1	81.921	177	27	4	194714	194890	3780874	3780703	8.12e-31	145
NC_022583.1	NC_022524|1	85.950	121	7	6	606315	606426	1039527	1039408	1.37e-23	121
NC_022583.1	NC_022524|1	90.805	87	7	1	606780	606865	267696	267610	6.37e-22	115
NC_022583.1	NC_022524|1	91.566	83	6	1	454395	454476	1040438	1040356	2.29e-21	113
NC_022583.1	NC_022524|1	84.034	119	14	4	194768	194883	1039944	1040060	2.96e-20	110
NC_022583.1	NC_022524|1	93.151	73	5	0	454399	454471	3294001	3293929	1.07e-19	108
NC_022583.1	NC_022524|1	85.567	97	14	0	606396	606492	24892	24796	4.96e-18	102
NC_022583.1	NC_022516|1	78.255	2934	550	73	197174	200068	97150	100034	0.0	1803
NC_022583.1	NC_022516|1	78.255	2934	550	73	197174	200068	348695	351579	0.0	1803
NC_022583.1	NC_022516|1	78.255	2934	550	73	197174	200068	457477	460361	0.0	1803
NC_022583.1	NC_022516|1	78.221	2934	551	73	197174	200068	20871	23755	0.0	1801
NC_022583.1	NC_022516|1	78.221	2934	551	73	478024	480918	100034	97150	0.0	1797
NC_022583.1	NC_022516|1	78.221	2934	551	73	478024	480918	351579	348695	0.0	1797
NC_022583.1	NC_022516|1	78.221	2934	551	73	478024	480918	460361	457477	0.0	1797
NC_022583.1	NC_022516|1	78.187	2934	552	73	478024	480918	23755	20871	0.0	1796
NC_022583.1	NC_022516|1	81.406	1565	241	34	481127	482654	96720	95169	0.0	1232
NC_022583.1	NC_022516|1	81.406	1565	241	34	481127	482654	348265	346714	0.0	1232
NC_022583.1	NC_022516|1	81.406	1565	241	34	481127	482654	457047	455496	0.0	1232
NC_022583.1	NC_022516|1	81.342	1565	242	34	195438	196965	95169	96720	0.0	1227
NC_022583.1	NC_022516|1	81.342	1565	242	34	195438	196965	346714	348265	0.0	1227
NC_022583.1	NC_022516|1	81.342	1565	242	34	195438	196965	455496	457047	0.0	1227
NC_022583.1	NC_022516|1	81.214	1565	244	34	481127	482654	20441	18890	0.0	1216
NC_022583.1	NC_022516|1	81.150	1565	245	34	195438	196965	18890	20441	0.0	1210
NC_022583.1	NC_022516|1	72.819	1192	279	34	756292	757456	559961	558788	5.73e-97	364
NC_022583.1	NC_022516|1	84.946	186	23	4	606315	606499	100866	100685	1.72e-42	183
NC_022583.1	NC_022516|1	84.746	177	23	3	606315	606490	25257	25084	1.04e-39	174
NC_022583.1	NC_022516|1	86.066	122	8	7	606751	606869	24939	24824	3.81e-24	122
NC_022583.1	NC_022516|1	92.405	79	4	2	606792	606869	461507	461430	8.24e-21	111
NC_022583.1	NC_022516|1	84.545	110	14	2	454399	454505	101295	101186	3.83e-19	106
NC_022583.1	NC_022516|1	90.909	77	7	0	454399	454475	933785	933709	1.38e-18	104
NC_022583.1	NC_022584|1	78.225	2930	557	67	478024	480918	1992384	1989501	0.0	1801
NC_022583.1	NC_022584|1	78.191	2930	558	67	197174	200068	1989501	1992384	0.0	1796
NC_022583.1	NC_022584|1	78.157	2930	559	67	478024	480918	1541565	1538682	0.0	1790
NC_022583.1	NC_022584|1	78.123	2930	560	67	197174	200068	1538682	1541565	0.0	1784
NC_022583.1	NC_022584|1	81.761	1579	239	34	481127	482669	1538425	1536860	0.0	1275
NC_022583.1	NC_022584|1	81.761	1579	239	34	481127	482669	1989244	1987679	0.0	1275
NC_022583.1	NC_022584|1	81.697	1579	240	34	195423	196965	1536860	1538425	0.0	1269
NC_022583.1	NC_022584|1	81.697	1579	240	34	195423	196965	1987679	1989244	0.0	1269
NC_022583.1	NC_022584|1	84.604	656	94	7	478024	478675	1666294	1665642	0.0	645
NC_022583.1	NC_022584|1	84.604	656	94	7	478024	478675	1900039	1899387	0.0	645
NC_022583.1	NC_022584|1	84.451	656	95	7	199417	200068	1665642	1666294	8.50e-180	640
NC_022583.1	NC_022584|1	84.451	656	95	7	199417	200068	1899387	1900039	8.50e-180	640
NC_022583.1	NC_022584|1	81.522	368	60	8	478024	478387	1542133	1541770	2.12e-76	296
NC_022583.1	NC_022584|1	81.250	368	61	8	199705	200068	1541770	1542133	9.86e-75	291
NC_022583.1	NC_022584|1	83.957	187	24	5	606315	606499	1667059	1666877	1.04e-39	174
NC_022583.1	NC_022584|1	84.746	177	22	4	606315	606490	1543734	1543562	3.73e-39	172
NC_022583.1	NC_022584|1	84.146	164	21	4	454399	454559	423279	423118	1.35e-33	154
NC_022583.1	NC_022584|1	93.333	75	5	0	454399	454473	1667480	1667406	8.24e-21	111
NC_022583.1	NC_022584|1	92.105	76	4	2	606792	606866	1067	993	3.83e-19	106
NC_022583.1	NC_022584|1	92.105	76	4	2	606792	606866	1543383	1543309	3.83e-19	106
NC_022583.1	NC_022582|1	78.225	2930	557	67	478024	480918	332664	329781	0.0	1801
NC_022583.1	NC_022582|1	78.225	2930	557	67	478024	480918	2023252	2020369	0.0	1801
NC_022583.1	NC_022582|1	78.191	2930	558	67	197174	200068	329781	332664	0.0	1796
NC_022583.1	NC_022582|1	78.191	2930	558	67	197174	200068	2020369	2023252	0.0	1796
NC_022583.1	NC_022582|1	81.634	1579	241	34	481127	482669	329526	327961	0.0	1264
NC_022583.1	NC_022582|1	81.571	1579	242	34	195423	196965	327961	329526	0.0	1258
NC_022583.1	NC_022582|1	81.444	1579	244	33	481127	482669	2020114	2018549	0.0	1247
NC_022583.1	NC_022582|1	81.381	1579	245	33	195423	196965	2018549	2020114	0.0	1242
NC_022583.1	NC_022582|1	82.317	1148	190	13	478024	479163	236612	235470	0.0	983
NC_022583.1	NC_022582|1	82.230	1148	191	13	198929	200068	235470	236612	0.0	977
NC_022583.1	NC_022582|1	83.972	861	132	6	198929	199785	1900252	1901110	0.0	821
NC_022583.1	NC_022582|1	83.972	861	132	6	478307	479163	1901110	1900252	0.0	821
NC_022583.1	NC_022582|1	80.624	1089	183	19	198868	199945	1903630	1904701	0.0	817
NC_022583.1	NC_022582|1	80.624	1089	183	19	478147	479224	1904701	1903630	0.0	817
NC_022583.1	NC_022582|1	72.840	1296	286	46	197348	198609	1902157	1903420	1.58e-102	383
NC_022583.1	NC_022582|1	72.840	1296	286	46	479483	480744	1903420	1902157	1.58e-102	383
NC_022583.1	NC_022582|1	79.174	557	95	13	195423	195962	234931	235483	1.59e-97	366
NC_022583.1	NC_022582|1	79.174	557	95	13	482130	482669	235483	234931	1.59e-97	366
NC_022583.1	NC_022582|1	79.174	557	95	13	195423	195962	1899713	1900265	1.59e-97	366
NC_022583.1	NC_022582|1	79.174	557	95	13	482130	482669	1900265	1899713	1.59e-97	366
NC_022583.1	NC_022582|1	83.957	187	24	5	606315	606499	533	351	1.04e-39	174
NC_022583.1	NC_022582|1	84.746	177	22	4	606315	606490	1906624	1906452	3.73e-39	172
NC_022583.1	NC_022582|1	84.146	164	21	4	454399	454559	755560	755399	1.35e-33	154
NC_022583.1	NC_022582|1	93.333	75	5	0	454399	454473	954	880	8.24e-21	111
NC_022583.1	NC_022582|1	90.361	83	5	3	606785	606866	333919	333839	3.83e-19	106
NC_022583.1	NC_022582|1	92.105	76	4	2	606792	606866	1906273	1906199	3.83e-19	106
NC_022583.1	NC_022593|1	78.080	2938	558	79	197174	200075	560978	563865	0.0	1779
NC_022583.1	NC_022593|1	78.092	2935	557	78	197177	200075	2142670	2139786	0.0	1779
NC_022583.1	NC_022593|1	78.092	2935	557	78	197177	200075	2405375	2402491	0.0	1779
NC_022583.1	NC_022593|1	78.092	2935	557	78	197177	200075	2447386	2444502	0.0	1779
NC_022583.1	NC_022593|1	78.092	2935	557	78	197177	200075	2556651	2553767	0.0	1779
NC_022583.1	NC_022593|1	78.092	2935	557	78	197177	200075	2586446	2583562	0.0	1779
NC_022583.1	NC_022593|1	78.046	2938	559	79	478017	480918	563865	560978	0.0	1773
NC_022583.1	NC_022593|1	78.058	2935	558	78	478017	480915	2139786	2142670	0.0	1773
NC_022583.1	NC_022593|1	78.058	2935	558	78	478017	480915	2402491	2405375	0.0	1773
NC_022583.1	NC_022593|1	78.058	2935	558	78	478017	480915	2444502	2447386	0.0	1773
NC_022583.1	NC_022593|1	78.058	2935	558	78	478017	480915	2553767	2556651	0.0	1773
NC_022583.1	NC_022593|1	78.058	2935	558	78	478017	480915	2583562	2586446	0.0	1773
NC_022583.1	NC_022593|1	81.298	1572	250	37	481115	482653	2447684	2449244	0.0	1234
NC_022583.1	NC_022593|1	81.286	1571	251	36	481115	482653	560683	559124	0.0	1232
NC_022583.1	NC_022593|1	81.286	1571	251	36	481115	482653	2142968	2144527	0.0	1232
NC_022583.1	NC_022593|1	81.286	1571	251	36	481115	482653	2405673	2407232	0.0	1232
NC_022583.1	NC_022593|1	81.286	1571	251	36	481115	482653	2556949	2558508	0.0	1232
NC_022583.1	NC_022593|1	81.286	1571	251	36	481115	482653	2586744	2588303	0.0	1232
NC_022583.1	NC_022593|1	81.234	1572	251	37	195439	196977	2449244	2447684	0.0	1229
NC_022583.1	NC_022593|1	81.222	1571	252	36	195439	196977	559124	560683	0.0	1227
NC_022583.1	NC_022593|1	81.222	1571	252	36	195439	196977	2144527	2142968	0.0	1227
NC_022583.1	NC_022593|1	81.222	1571	252	36	195439	196977	2407232	2405673	0.0	1227
NC_022583.1	NC_022593|1	81.222	1571	252	36	195439	196977	2558508	2556949	0.0	1227
NC_022583.1	NC_022593|1	81.222	1571	252	36	195439	196977	2588303	2586744	0.0	1227
NC_022583.1	NC_022593|1	84.181	177	24	3	606315	606490	28087	27914	4.82e-38	169
NC_022583.1	NC_022593|1	92.105	76	6	0	454399	454474	2553133	2553208	1.07e-19	108
NC_022583.1	NC_022593|1	93.056	72	5	0	454399	454470	1797735	1797806	3.83e-19	106
NC_022583.1	NC_022593|1	92.000	75	4	2	606792	606865	319735	319662	1.38e-18	104
NC_022583.1	NC_022593|1	91.026	78	5	2	606792	606868	564800	564724	1.38e-18	104
NC_022583.1	NC_022593|1	90.625	64	6	0	372263	372326	1046213	1046276	4.99e-13	86.1
NC_022583.1	NC_022593|1	92.683	41	3	0	387154	387194	1919008	1918968	3.03e-05	60.2
NC_022583.1	NC_022547|1	74.674	2610	554	84	478031	480569	262	2835	0.0	1059
NC_022583.1	NC_022547|1	74.636	2610	555	84	197523	200061	2835	262	0.0	1053
NC_022583.1	NC_022547|1	74.607	2611	555	84	478031	480569	359319	356745	0.0	1050
NC_022583.1	NC_022547|1	74.569	2611	556	84	197523	200061	356745	359319	0.0	1044
NC_022583.1	NC_022547|1	78.807	1123	222	14	198950	200061	288074	289191	0.0	741
NC_022583.1	NC_022547|1	78.718	1123	223	14	478031	479142	289191	288074	0.0	736
NC_022583.1	NC_022547|1	89.157	83	8	1	606306	606387	230011	230093	4.96e-18	102
NC_022583.1	NC_022547|1	94.444	54	2	1	194802	194855	79575	79627	6.46e-12	82.4
NC_022583.1	NC_022600|1	78.613	1557	246	53	195435	196967	2733167	2731674	0.0	950
NC_022583.1	NC_022600|1	78.548	1557	247	53	481125	482657	2731674	2733167	0.0	944
NC_022583.1	NC_022600|1	78.853	1116	203	26	478131	479238	2728556	2729646	0.0	723
NC_022583.1	NC_022600|1	78.853	1116	203	26	198854	199961	2729646	2728556	0.0	723
NC_022583.1	NC_022515|1	78.588	1317	235	40	195670	196959	258353	259649	0.0	826
NC_022583.1	NC_022515|1	78.512	1317	236	40	481133	482422	259649	258353	0.0	821
NC_022583.1	NC_022515|1	79.980	1019	182	17	198950	199961	261732	262735	0.0	732
NC_022583.1	NC_022515|1	79.980	1019	182	17	478131	479142	262735	261732	0.0	732
NC_022583.1	NC_022515|1	73.795	809	177	30	197577	198369	260349	261138	1.28e-73	287
NC_022583.1	NC_022515|1	73.795	809	177	30	479723	480515	261138	260349	1.28e-73	287
NC_022583.1	NC_022576|1	78.382	1323	233	41	195670	196960	2238723	2240024	0.0	809
NC_022583.1	NC_022576|1	78.382	1323	233	41	195670	196960	2244179	2245480	0.0	809
NC_022583.1	NC_022576|1	78.307	1323	234	41	481132	482422	2240024	2238723	0.0	804
NC_022583.1	NC_022576|1	78.307	1323	234	41	481132	482422	2245480	2244179	0.0	804
NC_022583.1	NC_022576|1	78.859	1017	196	16	198950	199961	2242434	2243436	0.0	669
NC_022583.1	NC_022576|1	78.859	1017	196	16	478131	479142	2243436	2242434	0.0	669
NC_022583.1	NC_022576|1	78.859	1017	196	16	198950	199961	2247890	2248892	0.0	669
NC_022583.1	NC_022576|1	78.859	1017	196	16	478131	479142	2248892	2247890	0.0	669
NC_022583.1	NC_022550|1	78.965	1198	220	28	198769	199951	290812	291992	0.0	787
NC_022583.1	NC_022550|1	78.965	1198	220	28	478141	479323	291992	290812	0.0	787
NC_022583.1	NC_022550|1	76.719	1207	226	47	195652	196829	287624	288804	3.08e-174	621
NC_022583.1	NC_022550|1	76.656	1208	225	49	481263	482440	288804	287624	1.43e-172	616
NC_022583.1	NC_022550|1	72.608	1296	292	46	197348	198604	289378	290649	4.43e-98	368
NC_022583.1	NC_022550|1	72.608	1296	292	46	479488	480744	290649	289378	4.43e-98	368
NC_022583.1	NC_022550|1	71.890	619	147	23	234292	234898	598635	598032	1.35e-33	154
NC_022583.1	NC_022550|1	93.750	64	4	0	606325	606388	517126	517063	2.31e-16	97.1
NC_022583.1	NC_022535|1	81.100	1000	172	13	198950	199945	61345	62331	0.0	784
NC_022583.1	NC_022535|1	81.100	1000	172	13	478147	479142	62331	61345	0.0	784
NC_022583.1	NC_022535|1	81.100	1000	172	13	478144	479139	2519122	2520108	0.0	784
NC_022583.1	NC_022535|1	81.100	1000	172	13	198953	199948	2520108	2519122	0.0	784
NC_022583.1	NC_022535|1	80.226	1062	181	25	195925	196965	57557	58610	0.0	771
NC_022583.1	NC_022535|1	80.226	1062	181	25	195925	196965	2523899	2522846	0.0	771
NC_022583.1	NC_022535|1	80.132	1062	182	25	481127	482167	58610	57557	0.0	765
NC_022583.1	NC_022535|1	80.132	1062	182	25	481127	482167	2522846	2523899	0.0	765
NC_022583.1	NC_022569|1	80.823	996	181	9	478152	479142	2865835	2866825	0.0	773
NC_022583.1	NC_022569|1	80.823	996	181	9	198950	199940	2866825	2865835	0.0	773
NC_022583.1	NC_022569|1	80.823	996	181	9	198950	199940	4180191	4181181	0.0	773
NC_022583.1	NC_022569|1	80.823	996	181	9	478152	479142	4181181	4180191	0.0	773
NC_022583.1	NC_022569|1	80.823	996	181	9	198950	199940	4276275	4277265	0.0	773
NC_022583.1	NC_022569|1	80.823	996	181	9	478152	479142	4277265	4276275	0.0	773
NC_022583.1	NC_022569|1	80.823	996	181	9	198950	199940	4431950	4432940	0.0	773
NC_022583.1	NC_022569|1	80.823	996	181	9	478152	479142	4432940	4431950	0.0	773
NC_022583.1	NC_022569|1	80.723	996	182	9	198950	199940	293189	294179	0.0	767
NC_022583.1	NC_022569|1	80.723	996	182	9	478152	479142	294179	293189	0.0	767
NC_022583.1	NC_022569|1	80.723	996	182	9	478152	479142	3600591	3601581	0.0	767
NC_022583.1	NC_022569|1	80.723	996	182	9	198950	199940	3601581	3600591	0.0	767
NC_022583.1	NC_022569|1	80.723	996	182	9	198950	199940	4475373	4476363	0.0	767
NC_022583.1	NC_022569|1	80.723	996	182	9	478152	479142	4476363	4475373	0.0	767
NC_022583.1	NC_022569|1	75.467	803	180	17	197575	198368	4274788	4275582	2.65e-100	375
NC_022583.1	NC_022569|1	75.467	803	180	17	479724	480517	4275582	4274788	2.65e-100	375
NC_022583.1	NC_022569|1	75.467	803	180	17	197575	198368	4430463	4431257	2.65e-100	375
NC_022583.1	NC_022569|1	75.467	803	180	17	479724	480517	4431257	4430463	2.65e-100	375
NC_022583.1	NC_022569|1	75.404	805	179	18	479724	480517	3602274	3603070	3.42e-99	372
NC_022583.1	NC_022569|1	75.404	805	179	18	197575	198368	3603070	3602274	3.42e-99	372
NC_022583.1	NC_022569|1	75.404	805	179	18	197575	198368	4473884	4474680	3.42e-99	372
NC_022583.1	NC_022569|1	75.404	805	179	18	479724	480517	4474680	4473884	3.42e-99	372
NC_022583.1	NC_022569|1	75.342	803	181	17	197575	198368	4178704	4179498	1.23e-98	370
NC_022583.1	NC_022569|1	75.342	803	181	17	479724	480517	4179498	4178704	1.23e-98	370
NC_022583.1	NC_022569|1	79.630	162	32	1	197575	197735	291601	291762	6.37e-22	115
NC_022583.1	NC_022569|1	79.630	162	32	1	480357	480517	291762	291601	6.37e-22	115
NC_022583.1	NC_022569|1	78.736	174	36	1	480345	480517	2868156	2868329	6.37e-22	115
NC_022583.1	NC_022569|1	78.736	174	36	1	197575	197747	2868329	2868156	6.37e-22	115
NC_022583.1	NC_022569|1	90.588	85	7	1	606304	606387	3175232	3175148	8.24e-21	111
NC_022583.1	NC_022569|1	91.358	81	6	1	606308	606387	3491759	3491839	2.96e-20	110
NC_022583.1	NC_022569|1	92.208	77	5	1	606312	606387	3175118	3175042	1.07e-19	108
NC_022583.1	NC_022569|1	76.163	172	37	3	198503	198672	292720	292889	1.39e-13	87.9
NC_022583.1	NC_022569|1	76.163	172	37	3	479420	479589	292889	292720	1.39e-13	87.9
NC_022583.1	NC_022569|1	76.163	172	37	3	479420	479589	3601881	3602050	1.39e-13	87.9
NC_022583.1	NC_022569|1	76.163	172	37	3	198503	198672	3602050	3601881	1.39e-13	87.9
NC_022583.1	NC_022569|1	76.163	172	37	3	198503	198672	4179722	4179891	1.39e-13	87.9
NC_022583.1	NC_022569|1	76.163	172	37	3	479420	479589	4179891	4179722	1.39e-13	87.9
NC_022583.1	NC_022569|1	76.163	172	37	3	198503	198672	4275806	4275975	1.39e-13	87.9
NC_022583.1	NC_022569|1	76.163	172	37	3	479420	479589	4275975	4275806	1.39e-13	87.9
NC_022583.1	NC_022569|1	76.163	172	37	3	198503	198672	4431481	4431650	1.39e-13	87.9
NC_022583.1	NC_022569|1	76.163	172	37	3	479420	479589	4431650	4431481	1.39e-13	87.9
NC_022583.1	NC_022569|1	76.163	172	37	3	198503	198672	4474904	4475073	1.39e-13	87.9
NC_022583.1	NC_022569|1	76.163	172	37	3	479420	479589	4475073	4474904	1.39e-13	87.9
NC_022583.1	NC_022569|1	85.366	82	12	0	194803	194884	4436947	4437028	4.99e-13	86.1
NC_022583.1	NC_022546|1	80.361	998	184	11	478152	479142	94324	95316	0.0	747
NC_022583.1	NC_022546|1	80.361	998	184	11	198950	199940	95316	94324	0.0	747
NC_022583.1	NC_022546|1	80.361	998	184	11	198950	199940	328106	329098	0.0	747
NC_022583.1	NC_022546|1	80.361	998	184	11	478152	479142	329098	328106	0.0	747
NC_022583.1	NC_022546|1	80.361	998	184	11	478152	479142	3191780	3192772	0.0	747
NC_022583.1	NC_022546|1	80.361	998	184	11	198950	199940	3192772	3191780	0.0	747
NC_022583.1	NC_022546|1	80.261	998	185	11	198950	199940	103648	104640	0.0	743
NC_022583.1	NC_022546|1	80.261	998	185	11	478152	479142	104640	103648	0.0	743
NC_022583.1	NC_022546|1	80.261	998	185	11	478152	479142	2025835	2026827	0.0	741
NC_022583.1	NC_022546|1	80.261	998	185	11	198950	199940	2026827	2025835	0.0	741
NC_022583.1	NC_022546|1	80.280	999	184	12	198950	199940	2363906	2364899	0.0	741
NC_022583.1	NC_022546|1	80.280	999	184	12	478152	479142	2364899	2363906	0.0	741
NC_022583.1	NC_022546|1	91.358	81	6	1	606308	606387	1527109	1527189	2.96e-20	110
NC_022583.1	NC_022546|1	92.208	77	5	1	606312	606387	3658206	3658130	1.07e-19	108
NC_022583.1	NC_022546|1	96.000	50	2	0	194806	194855	90378	90329	6.46e-12	82.4
NC_022583.1	NC_022567|1	80.099	1010	189	11	198950	199952	455732	456736	0.0	741
NC_022583.1	NC_022567|1	80.099	1010	189	11	478140	479142	456736	455732	0.0	741
NC_022583.1	NC_022567|1	80.020	1016	191	11	478131	479139	1821317	1822327	0.0	741
NC_022583.1	NC_022567|1	80.020	1016	191	11	198953	199961	1822327	1821317	0.0	741
NC_022583.1	NC_022567|1	77.184	1328	255	34	195654	196967	452313	453606	0.0	730
NC_022583.1	NC_022567|1	77.231	1322	253	34	195663	196970	1825740	1824453	0.0	730
NC_022583.1	NC_022567|1	77.108	1328	256	34	481125	482438	453606	452313	0.0	725
NC_022583.1	NC_022567|1	77.156	1322	254	34	481122	482429	1824453	1825740	0.0	725
NC_022583.1	NC_022567|1	72.965	1032	232	33	197571	198580	454336	455342	1.63e-82	316
NC_022583.1	NC_022567|1	72.965	1032	232	33	479512	480521	455342	454336	1.63e-82	316
NC_022583.1	NC_022567|1	73.077	1014	226	33	479512	480503	1822720	1823708	1.63e-82	316
NC_022583.1	NC_022567|1	73.077	1014	226	33	197589	198580	1823708	1822720	1.63e-82	316
NC_022583.1	NC_022567|1	88.312	77	7	2	606312	606386	2687187	2687263	1.07e-14	91.6
NC_022583.1	NC_022523|1	76.087	1334	256	46	481125	482423	1496810	1498115	3.06e-179	638
NC_022583.1	NC_022523|1	76.087	1334	256	46	481125	482423	1798245	1799550	3.06e-179	638
NC_022583.1	NC_022523|1	76.087	1334	256	46	481125	482423	1888988	1890293	3.06e-179	638
NC_022583.1	NC_022523|1	76.087	1334	256	46	481125	482423	1897696	1899001	3.06e-179	638
NC_022583.1	NC_022523|1	76.012	1334	257	46	195669	196967	1498115	1496810	1.42e-177	632
NC_022583.1	NC_022523|1	76.012	1334	257	46	195669	196967	1799550	1798245	1.42e-177	632
NC_022583.1	NC_022523|1	76.012	1334	257	46	195669	196967	1890293	1888988	1.42e-177	632
NC_022583.1	NC_022523|1	76.012	1334	257	46	195669	196967	1899001	1897696	1.42e-177	632
NC_022583.1	NC_022523|1	76.552	1015	211	18	478144	479139	1493413	1494419	5.34e-147	531
NC_022583.1	NC_022523|1	76.552	1015	211	18	198953	199948	1494419	1493413	5.34e-147	531
NC_022583.1	NC_022523|1	76.552	1015	211	18	478144	479139	1794848	1795854	5.34e-147	531
NC_022583.1	NC_022523|1	76.552	1015	211	18	198953	199948	1795854	1794848	5.34e-147	531
NC_022583.1	NC_022523|1	76.552	1015	211	18	478144	479139	1885594	1886600	5.34e-147	531
NC_022583.1	NC_022523|1	76.552	1015	211	18	198953	199948	1886600	1885594	5.34e-147	531
NC_022583.1	NC_022523|1	76.552	1015	211	18	478144	479139	1894301	1895307	5.34e-147	531
NC_022583.1	NC_022523|1	76.552	1015	211	18	198953	199948	1895307	1894301	5.34e-147	531
NC_022583.1	NC_022575|1	76.596	1175	240	27	195669	196832	174764	175914	5.15e-172	614
NC_022583.1	NC_022575|1	76.451	1189	240	33	198778	199939	102323	103498	2.40e-170	608
NC_022583.1	NC_022575|1	76.451	1189	240	33	478153	479314	103498	102323	2.40e-170	608
NC_022583.1	NC_022575|1	76.511	1175	241	27	481260	482423	175914	174764	2.40e-170	608
