NC_022547.1	NC_022547|1	100.000	1151074	0	0	1	1151074	1	1151074	0.0	2.126e+06
NC_022547.1	NC_022547|1	99.473	5120	19	7	354464	359580	5115	1	0.0	9299
NC_022547.1	NC_022547|1	99.473	5120	19	7	1	5115	359580	354464	0.0	9299
NC_022547.1	NC_022547|1	98.690	4963	37	19	284316	289267	5133	188	0.0	8780
NC_022547.1	NC_022547|1	98.690	4963	37	19	188	5133	289267	284316	0.0	8780
NC_022547.1	NC_022547|1	98.757	4907	37	17	354500	359393	284372	289267	0.0	8702
NC_022547.1	NC_022547|1	98.757	4907	37	17	284372	289267	354500	359393	0.0	8702
NC_022547.1	NC_022547|1	92.222	90	6	1	579996	580085	103355	103267	4.10e-25	126
NC_022547.1	NC_022547|1	92.222	90	6	1	103267	103355	580085	579996	4.10e-25	126
NC_022547.1	NC_022547|1	91.111	90	6	2	971831	971919	971919	971831	1.91e-23	121
NC_022547.1	NC_022547|1	95.082	61	3	0	359614	359674	359665	359605	3.22e-16	97.1
NC_022547.1	NC_022547|1	100.000	44	0	0	311124	311167	311167	311124	9.00e-12	82.4
NC_022547.1	NC_022547|1	100.000	42	0	0	1100159	1100200	1100200	1100159	1.16e-10	78.7
NC_022547.1	NC_022547|1	100.000	38	0	0	114523	114560	114560	114523	1.95e-08	71.3
NC_022547.1	NC_022547|1	100.000	36	0	0	113947	113982	113982	113947	2.52e-07	67.6
NC_022547.1	NC_022547|1	100.000	36	0	0	464056	464091	464091	464056	2.52e-07	67.6
NC_022547.1	NC_022547|1	91.667	48	0	4	137460	137505	137505	137460	3.26e-06	63.9
NC_022547.1	NC_022547|1	100.000	34	0	0	850764	850797	850797	850764	3.26e-06	63.9
NC_022547.1	NC_022547|1	100.000	34	0	0	1019449	1019482	1019482	1019449	3.26e-06	63.9
NC_022547.1	NC_022547|1	100.000	28	0	0	882671	882698	882698	882671	0.007	52.8
NC_022547.1	NC_022569|1	75.216	13767	3204	167	336227	349897	3629881	3616227	0.0	6329
NC_022547.1	NC_022569|1	92.012	2391	170	20	356975	359355	2868051	2865672	0.0	3338
NC_022547.1	NC_022569|1	91.963	2389	174	17	226	2605	2865672	2868051	0.0	3332
NC_022547.1	NC_022569|1	91.890	2392	172	22	286846	289227	2868051	2865672	0.0	3323
NC_022547.1	NC_022569|1	91.438	1752	133	16	357613	359355	292599	294342	0.0	2388
NC_022547.1	NC_022569|1	91.438	1752	133	16	357613	359355	3602171	3600428	0.0	2388
NC_022547.1	NC_022569|1	91.438	1752	133	16	357613	359355	4474783	4476526	0.0	2388
NC_022547.1	NC_022569|1	91.429	1750	135	14	226	1966	294342	292599	0.0	2386
NC_022547.1	NC_022569|1	91.429	1750	135	14	226	1966	3600428	3602171	0.0	2386
NC_022547.1	NC_022569|1	91.429	1750	135	14	226	1966	4476526	4474783	0.0	2386
NC_022547.1	NC_022569|1	91.376	1751	135	16	287486	289227	292599	294342	0.0	2383
NC_022547.1	NC_022569|1	91.376	1751	135	16	287486	289227	3602171	3600428	0.0	2383
NC_022547.1	NC_022569|1	91.381	1752	134	16	357613	359355	4179601	4181344	0.0	2383
NC_022547.1	NC_022569|1	91.381	1752	134	16	357613	359355	4275685	4277428	0.0	2383
NC_022547.1	NC_022569|1	91.381	1752	134	16	357613	359355	4431360	4433103	0.0	2383
NC_022547.1	NC_022569|1	91.376	1751	135	16	287486	289227	4474783	4476526	0.0	2383
NC_022547.1	NC_022569|1	91.371	1750	136	14	226	1966	4181344	4179601	0.0	2381
NC_022547.1	NC_022569|1	91.371	1750	136	14	226	1966	4277428	4275685	0.0	2381
NC_022547.1	NC_022569|1	91.371	1750	136	14	226	1966	4433103	4431360	0.0	2381
NC_022547.1	NC_022569|1	91.319	1751	136	16	287486	289227	4179601	4181344	0.0	2377
NC_022547.1	NC_022569|1	91.319	1751	136	16	287486	289227	4275685	4277428	0.0	2377
NC_022547.1	NC_022569|1	91.319	1751	136	16	287486	289227	4431360	4433103	0.0	2377
NC_022547.1	NC_022569|1	91.657	1726	117	19	284380	286100	3605338	3603635	0.0	2364
NC_022547.1	NC_022569|1	91.541	1726	119	18	284380	286100	2870597	2868894	0.0	2353
NC_022547.1	NC_022569|1	91.546	1727	117	19	284380	286100	4176436	4178139	0.0	2353
NC_022547.1	NC_022569|1	91.425	1726	121	19	284380	286100	4471577	4473280	0.0	2342
NC_022547.1	NC_022569|1	91.314	1727	121	18	3350	5070	3603635	3605338	0.0	2331
NC_022547.1	NC_022569|1	91.251	1726	124	17	3350	5070	2868894	2870597	0.0	2326
NC_022547.1	NC_022569|1	91.257	1727	122	19	3350	5070	4178139	4176436	0.0	2326
NC_022547.1	NC_022569|1	91.209	1729	121	20	354508	356230	3605338	3603635	0.0	2322
NC_022547.1	NC_022569|1	91.146	1728	124	19	354508	356230	2870597	2868894	0.0	2316
NC_022547.1	NC_022569|1	91.151	1729	122	21	354508	356230	4176436	4178139	0.0	2316
NC_022547.1	NC_022569|1	92.866	1598	104	7	284380	285975	4272361	4273950	0.0	2311
NC_022547.1	NC_022569|1	91.083	1727	125	19	3350	5070	4473280	4471577	0.0	2309
NC_022547.1	NC_022569|1	92.804	1598	105	6	284380	285975	289174	290763	0.0	2305
NC_022547.1	NC_022569|1	92.736	1597	108	5	284380	285975	4428036	4429625	0.0	2300
NC_022547.1	NC_022569|1	90.977	1729	125	21	354508	356230	4471577	4473280	0.0	2300
NC_022547.1	NC_022569|1	92.509	1602	105	10	3472	5070	4273950	4272361	0.0	2279
NC_022547.1	NC_022569|1	92.447	1602	106	9	3472	5070	290763	289174	0.0	2274
NC_022547.1	NC_022569|1	92.394	1604	105	12	354508	356108	4272361	4273950	0.0	2270
NC_022547.1	NC_022569|1	92.380	1601	109	8	3472	5070	4429625	4428036	0.0	2268
NC_022547.1	NC_022569|1	92.332	1604	106	11	354508	356108	289174	290763	0.0	2265
NC_022547.1	NC_022569|1	92.265	1603	109	10	354508	356108	4428036	4429625	0.0	2259
NC_022547.1	NC_022569|1	90.355	1182	103	10	1987	3165	4275584	4274411	0.0	1541
NC_022547.1	NC_022569|1	90.287	1184	100	12	356415	357593	4274411	4275584	0.0	1535
NC_022547.1	NC_022569|1	90.271	1182	104	10	1987	3165	4431259	4430086	0.0	1535
NC_022547.1	NC_022569|1	90.211	1185	102	13	286285	287466	4274411	4275584	0.0	1533
NC_022547.1	NC_022569|1	90.203	1184	101	12	356415	357593	4430086	4431259	0.0	1530
NC_022547.1	NC_022569|1	90.127	1185	103	13	286285	287466	4430086	4431259	0.0	1528
NC_022547.1	NC_022569|1	90.017	1182	109	9	1987	3165	3602272	3603447	0.0	1520
NC_022547.1	NC_022569|1	90.017	1182	109	9	1987	3165	4474682	4473507	0.0	1520
NC_022547.1	NC_022569|1	89.949	1184	106	11	356415	357593	3603447	3602272	0.0	1515
NC_022547.1	NC_022569|1	89.949	1184	106	11	356415	357593	4473507	4474682	0.0	1515
NC_022547.1	NC_022569|1	89.873	1185	108	12	286285	287466	3603447	3602272	0.0	1513
NC_022547.1	NC_022569|1	89.932	1182	108	10	1987	3165	4179500	4178327	0.0	1513
NC_022547.1	NC_022569|1	89.873	1185	108	12	286285	287466	4473507	4474682	0.0	1513
NC_022547.1	NC_022569|1	89.865	1184	105	12	356415	357593	4178327	4179500	0.0	1507
NC_022547.1	NC_022569|1	89.789	1185	107	13	286285	287466	4178327	4179500	0.0	1506
NC_022547.1	NC_022569|1	74.300	2965	744	17	85109	88066	4442749	4445702	0.0	1238
NC_022547.1	NC_022569|1	76.424	2019	452	18	469664	471672	4650948	4652952	0.0	1070
NC_022547.1	NC_022569|1	76.815	1859	427	4	499471	501327	3499923	3498067	0.0	1042
NC_022547.1	NC_022569|1	95.024	623	30	1	356972	357593	291876	292498	0.0	977
NC_022547.1	NC_022569|1	95.024	623	30	1	1987	2608	292498	291876	0.0	977
NC_022547.1	NC_022569|1	94.720	625	30	3	286843	287466	291876	292498	0.0	968
NC_022547.1	NC_022569|1	85.379	554	73	7	2615	3165	2868158	2868706	5.67e-158	568
NC_022547.1	NC_022569|1	85.405	555	72	8	286285	286836	2868706	2868158	5.67e-158	568
NC_022547.1	NC_022569|1	85.225	555	73	8	286285	286836	291224	291772	2.64e-156	562
NC_022547.1	NC_022569|1	85.199	554	74	7	2615	3165	291772	291224	2.64e-156	562
NC_022547.1	NC_022569|1	85.252	556	70	11	356415	356965	2868706	2868158	2.64e-156	562
NC_022547.1	NC_022569|1	85.072	556	71	11	356415	356965	291224	291772	1.23e-154	556
NC_022547.1	NC_022569|1	75.269	930	229	1	262094	263023	3011163	3010235	3.59e-120	442
NC_022547.1	NC_022569|1	71.526	1612	444	14	743864	745468	2505566	2503963	1.68e-113	420
NC_022547.1	NC_022569|1	80.561	535	94	8	417758	418290	3410169	3409643	1.69e-108	403
NC_022547.1	NC_022569|1	74.477	909	196	26	957581	958478	1261110	1260227	1.03e-95	361
NC_022547.1	NC_022569|1	79.151	518	99	8	316547	317062	3676114	3675604	2.24e-92	350
NC_022547.1	NC_022569|1	71.800	1039	275	14	731418	732447	2557320	2556291	2.97e-71	279
NC_022547.1	NC_022569|1	82.569	327	47	7	411886	412210	3448383	3448065	2.97e-71	279
NC_022547.1	NC_022569|1	84.459	296	23	10	1067109	1067402	762572	762298	1.79e-68	270
NC_022547.1	NC_022569|1	80.906	309	39	12	27252	27546	4217643	4217341	3.93e-55	226
NC_022547.1	NC_022569|1	88.333	180	12	4	266827	267006	3005888	3005718	1.42e-49	207
NC_022547.1	NC_022569|1	88.953	172	14	3	79579	79750	4436951	4437117	1.42e-49	207
NC_022547.1	NC_022569|1	84.884	172	15	4	79953	80124	4437231	4437391	3.13e-36	163
NC_022547.1	NC_022569|1	92.523	107	8	0	359475	359581	294531	294637	1.88e-33	154
NC_022547.1	NC_022569|1	92.523	107	8	0	359475	359581	2865482	2865376	1.88e-33	154
NC_022547.1	NC_022569|1	92.523	107	8	0	359475	359581	3600239	3600133	1.88e-33	154
NC_022547.1	NC_022569|1	92.523	107	8	0	359475	359581	4181430	4181536	1.88e-33	154
NC_022547.1	NC_022569|1	92.523	107	8	0	359475	359581	4277514	4277620	1.88e-33	154
NC_022547.1	NC_022569|1	90.000	120	11	1	359475	359593	4433292	4433411	1.88e-33	154
NC_022547.1	NC_022569|1	92.523	107	8	0	359475	359581	4476715	4476821	1.88e-33	154
NC_022547.1	NC_022569|1	92.453	106	8	0	1	106	294636	294531	6.77e-33	152
NC_022547.1	NC_022569|1	92.453	106	8	0	1	106	2865377	2865482	6.77e-33	152
NC_022547.1	NC_022569|1	92.453	106	8	0	1	106	3600134	3600239	6.77e-33	152
NC_022547.1	NC_022569|1	92.453	106	8	0	1	106	4181535	4181430	6.77e-33	152
NC_022547.1	NC_022569|1	92.453	106	8	0	1	106	4277619	4277514	6.77e-33	152
NC_022547.1	NC_022569|1	92.453	106	8	0	1	106	4433397	4433292	6.77e-33	152
NC_022547.1	NC_022569|1	92.453	106	8	0	1	106	4476820	4476715	6.77e-33	152
NC_022547.1	NC_022569|1	89.167	120	12	1	359475	359593	3599994	3599875	8.75e-32	148
NC_022547.1	NC_022569|1	91.509	106	9	0	1	106	3599889	3599994	3.15e-31	147
NC_022547.1	NC_022569|1	100.000	74	0	0	1038969	1039042	842701	842628	1.89e-28	137
NC_022547.1	NC_022569|1	100.000	74	0	0	1038969	1039042	842987	842914	1.89e-28	137
NC_022547.1	NC_022569|1	100.000	74	0	0	1038969	1039042	843112	843039	1.89e-28	137
NC_022547.1	NC_022569|1	98.701	77	1	0	1038969	1039045	843322	843246	1.89e-28	137
NC_022547.1	NC_022569|1	100.000	74	0	0	1038969	1039042	2599708	2599635	1.89e-28	137
NC_022547.1	NC_022569|1	94.444	90	3	2	706381	706469	4807290	4807202	1.89e-28	137
NC_022547.1	NC_022569|1	97.468	79	2	0	1067324	1067402	762266	762188	6.81e-28	135
NC_022547.1	NC_022569|1	98.667	75	1	0	1149066	1149140	294900	294826	2.45e-27	134
NC_022547.1	NC_022569|1	95.294	85	3	1	973588	973671	2063058	2063142	2.45e-27	134
NC_022547.1	NC_022569|1	98.667	75	1	0	1149066	1149140	4181662	4181588	2.45e-27	134
NC_022547.1	NC_022569|1	96.296	81	3	0	973591	973671	4673158	4673078	2.45e-27	134
NC_022547.1	NC_022569|1	95.238	84	3	1	580004	580087	290869	290787	8.82e-27	132
NC_022547.1	NC_022569|1	98.649	74	1	0	1149066	1149139	304339	304266	8.82e-27	132
NC_022547.1	NC_022569|1	97.403	77	2	0	266930	267006	3005246	3005170	8.82e-27	132
NC_022547.1	NC_022569|1	97.403	77	2	0	266930	267006	3005516	3005440	8.82e-27	132
NC_022547.1	NC_022569|1	97.403	77	2	0	266930	267006	3005655	3005579	8.82e-27	132
NC_022547.1	NC_022569|1	97.403	77	2	0	973598	973674	4672687	4672611	8.82e-27	132
NC_022547.1	NC_022569|1	98.649	74	1	0	973598	973671	4672919	4672846	8.82e-27	132
NC_022547.1	NC_022569|1	94.118	85	5	0	504179	504263	3495098	3495014	3.17e-26	130
NC_022547.1	NC_022569|1	94.186	86	4	1	580002	580087	4274058	4273974	3.17e-26	130
NC_022547.1	NC_022569|1	94.186	86	4	1	580002	580087	4429733	4429649	3.17e-26	130
NC_022547.1	NC_022569|1	96.104	77	3	0	779158	779234	2150191	2150267	4.10e-25	126
NC_022547.1	NC_022569|1	96.104	77	3	0	779158	779234	2151161	2151237	4.10e-25	126
NC_022547.1	NC_022569|1	96.104	77	3	0	779158	779234	2161180	2161104	4.10e-25	126
NC_022547.1	NC_022569|1	96.104	77	3	0	779158	779234	2162936	2163012	4.10e-25	126
NC_022547.1	NC_022569|1	92.222	90	6	1	230011	230099	3175230	3175141	4.10e-25	126
NC_022547.1	NC_022569|1	93.902	82	4	1	230012	230093	3175122	3175042	5.31e-24	122
NC_022547.1	NC_022569|1	95.946	74	3	0	415719	415792	3412337	3412264	1.91e-23	121
NC_022547.1	NC_022569|1	94.805	77	4	0	230017	230093	3491763	3491839	1.91e-23	121
NC_022547.1	NC_022569|1	92.771	83	5	1	1067113	1067195	762174	762093	6.86e-23	119
NC_022547.1	NC_022569|1	92.683	82	6	0	79669	79750	1832854	1832935	6.86e-23	119
NC_022547.1	NC_022569|1	92.683	82	6	0	79669	79750	1833143	1833224	6.86e-23	119
NC_022547.1	NC_022569|1	94.667	75	4	0	80050	80124	3600121	3600047	2.47e-22	117
NC_022547.1	NC_022569|1	93.590	78	4	1	103267	103343	290789	290866	8.88e-22	115
NC_022547.1	NC_022569|1	93.506	77	4	1	103267	103342	4273976	4274052	3.19e-21	113
NC_022547.1	NC_022569|1	93.506	77	4	1	103267	103342	4429651	4429727	3.19e-21	113
NC_022547.1	NC_022569|1	93.421	76	4	1	289351	289426	4181669	4181743	1.15e-20	111
NC_022547.1	NC_022569|1	93.056	72	5	0	27624	27695	4217285	4217214	5.34e-19	106
NC_022547.1	NC_022569|1	90.909	77	3	4	909655	909729	1483231	1483157	2.49e-17	100
NC_022547.1	NC_022569|1	78.102	137	30	0	272220	272356	2885832	2885696	1.94e-13	87.9
NC_022547.1	NC_022569|1	87.671	73	9	0	579874	579946	2596421	2596493	6.96e-13	86.1
NC_022547.1	NC_022569|1	87.671	73	9	0	579874	579946	2596539	2596611	6.96e-13	86.1
NC_022547.1	NC_022546|1	76.324	10745	2401	111	336227	346905	3221902	3211235	0.0	5616
NC_022547.1	NC_022546|1	90.845	2982	240	28	205	3171	94137	97100	0.0	3964
NC_022547.1	NC_022546|1	90.845	2982	240	28	205	3171	329285	326322	0.0	3964
NC_022547.1	NC_022546|1	90.845	2982	240	28	205	3171	3191593	3194556	0.0	3964
NC_022547.1	NC_022546|1	90.815	2983	240	29	205	3171	2365086	2362122	0.0	3960
NC_022547.1	NC_022546|1	90.897	2966	240	26	286274	289229	97105	94160	0.0	3954
NC_022547.1	NC_022546|1	90.778	2982	242	28	205	3171	104827	101864	0.0	3954
NC_022547.1	NC_022546|1	90.897	2966	240	26	286274	289229	326317	329262	0.0	3954
NC_022547.1	NC_022546|1	90.781	2983	241	29	205	3171	2025648	2028612	0.0	3954
NC_022547.1	NC_022546|1	90.897	2966	240	26	286274	289229	3194561	3191616	0.0	3954
NC_022547.1	NC_022546|1	90.866	2967	240	27	286274	289229	2362117	2365063	0.0	3949
NC_022547.1	NC_022546|1	90.829	2966	242	26	286274	289229	101859	104804	0.0	3945
NC_022547.1	NC_022546|1	90.832	2967	241	27	286274	289229	2028617	2025671	0.0	3943
NC_022547.1	NC_022546|1	90.671	2980	250	25	356409	359376	97100	94137	0.0	3938
NC_022547.1	NC_022546|1	90.671	2980	250	25	356409	359376	326322	329285	0.0	3938
NC_022547.1	NC_022546|1	90.671	2980	250	25	356409	359376	3194556	3191593	0.0	3938
NC_022547.1	NC_022546|1	90.641	2981	250	26	356409	359376	2362122	2365086	0.0	3932
NC_022547.1	NC_022546|1	90.604	2980	252	25	356409	359376	101864	104827	0.0	3928
NC_022547.1	NC_022546|1	90.607	2981	251	26	356409	359376	2028612	2025648	0.0	3927
NC_022547.1	NC_022546|1	93.035	1723	98	16	284381	286100	2360192	2361895	0.0	2497
NC_022547.1	NC_022546|1	92.629	1723	104	17	284381	286100	3196486	3194784	0.0	2468
NC_022547.1	NC_022546|1	92.571	1723	107	12	3350	5070	2361895	2360192	0.0	2453
NC_022547.1	NC_022546|1	92.464	1725	107	14	354508	356230	2360192	2361895	0.0	2444
NC_022547.1	NC_022546|1	94.236	1596	86	3	284381	285976	99737	101326	0.0	2433
NC_022547.1	NC_022546|1	94.022	1606	88	5	284381	285986	2030739	2029142	0.0	2427
NC_022547.1	NC_022546|1	92.165	1723	113	13	3350	5070	3194784	3196486	0.0	2425
NC_022547.1	NC_022546|1	92.058	1725	113	15	354508	356230	3196486	3194784	0.0	2416
NC_022547.1	NC_022546|1	93.875	1600	88	5	3471	5070	101326	99737	0.0	2403
NC_022547.1	NC_022546|1	93.812	1600	89	5	3471	5070	2029150	2030739	0.0	2398
NC_022547.1	NC_022546|1	93.758	1602	88	7	354508	356109	99737	101326	0.0	2394
NC_022547.1	NC_022546|1	93.695	1602	89	7	354508	356109	2030739	2029150	0.0	2388
NC_022547.1	NC_022546|1	76.651	3392	771	19	332275	335657	3226517	3223138	0.0	1857
NC_022547.1	NC_022546|1	93.695	1015	60	2	284381	285395	323946	324956	0.0	1517
NC_022547.1	NC_022546|1	93.793	1015	54	7	284381	285395	1605033	1604028	0.0	1517
NC_022547.1	NC_022546|1	93.131	1019	62	4	4052	5070	324956	323946	0.0	1487
NC_022547.1	NC_022546|1	93.229	1019	56	9	4052	5070	1604028	1605033	0.0	1487
NC_022547.1	NC_022546|1	93.137	1020	56	10	354508	355527	1605033	1604028	0.0	1483
NC_022547.1	NC_022546|1	93.039	1020	62	5	354508	355527	323946	324956	0.0	1482
NC_022547.1	NC_022546|1	74.958	2975	741	4	85109	88081	84600	81628	0.0	1363
NC_022547.1	NC_022546|1	74.105	3213	804	23	682892	686093	3133195	3136390	0.0	1299
NC_022547.1	NC_022546|1	76.555	2380	546	9	504511	506883	1527006	1524632	0.0	1293
NC_022547.1	NC_022546|1	77.899	2113	436	18	469576	471672	1587734	1585637	0.0	1286
NC_022547.1	NC_022546|1	73.222	3473	899	29	637641	641105	196223	192774	0.0	1232
NC_022547.1	NC_022546|1	76.807	1923	433	9	416433	418352	2775072	2773160	0.0	1068
NC_022547.1	NC_022546|1	79.269	1341	271	4	27977	29313	1669354	1670691	0.0	929
NC_022547.1	NC_022546|1	77.269	1355	300	7	522891	524241	2063215	2064565	0.0	789
NC_022547.1	NC_022546|1	76.401	1267	297	2	1054486	1055751	650705	649440	0.0	682
NC_022547.1	NC_022546|1	74.983	1467	361	5	316483	317948	3265167	3263706	0.0	671
NC_022547.1	NC_022546|1	74.452	1323	331	7	922550	923869	999089	997771	7.33e-157	564
NC_022547.1	NC_022546|1	73.598	1409	350	11	844667	846072	1227730	1229119	4.48e-144	521
NC_022547.1	NC_022546|1	86.872	358	41	5	957525	957879	2925863	2926217	2.83e-106	396
NC_022547.1	NC_022546|1	74.308	903	224	8	15725	16624	1641110	1642007	3.69e-100	375
NC_022547.1	NC_022546|1	74.487	878	217	5	731405	732279	1835175	1836048	1.33e-99	374
NC_022547.1	NC_022546|1	70.356	1825	532	7	655594	657415	176384	174566	7.98e-97	364
NC_022547.1	NC_022546|1	77.823	487	105	1	1008363	1008849	833120	832637	8.21e-77	298
NC_022547.1	NC_022546|1	83.742	326	41	9	411886	412208	1420197	1419881	8.21e-77	298
NC_022547.1	NC_022546|1	79.887	353	62	8	266260	266608	2622470	2622123	2.33e-62	250
NC_022547.1	NC_022546|1	92.442	172	12	1	1067109	1067279	623111	622940	1.09e-60	244
NC_022547.1	NC_022546|1	91.209	182	13	2	266825	267006	2621802	2621624	1.09e-60	244
NC_022547.1	NC_022546|1	79.560	318	63	2	200085	200401	3073878	3073562	3.93e-55	226
NC_022547.1	NC_022546|1	81.570	293	34	13	973394	973671	2992750	2993037	1.41e-54	224
NC_022547.1	NC_022546|1	89.714	175	7	4	79579	79753	90377	90214	3.06e-51	213
NC_022547.1	NC_022546|1	80.399	301	41	12	27252	27544	1655695	1655985	3.06e-51	213
NC_022547.1	NC_022546|1	82.301	226	22	14	285878	286100	97537	97327	3.10e-41	180
NC_022547.1	NC_022546|1	70.729	837	236	9	572265	573097	2208870	2208039	3.10e-41	180
NC_022547.1	NC_022546|1	86.047	172	12	3	79953	80124	90030	89871	1.44e-39	174
NC_022547.1	NC_022546|1	81.416	226	24	14	285878	286100	325885	326095	5.19e-39	172
NC_022547.1	NC_022546|1	68.726	1570	480	9	611533	613098	250340	248778	6.72e-38	169
NC_022547.1	NC_022546|1	81.081	222	29	8	3350	3569	97327	97537	8.69e-37	165
NC_022547.1	NC_022546|1	81.081	222	29	8	356011	356230	97537	97327	8.69e-37	165
NC_022547.1	NC_022546|1	90.756	119	9	2	359476	359593	94029	93912	1.45e-34	158
NC_022547.1	NC_022546|1	93.396	106	7	0	359476	359581	104935	105040	1.45e-34	158
NC_022547.1	NC_022546|1	80.180	222	31	8	356011	356230	325885	326095	1.45e-34	158
NC_022547.1	NC_022546|1	80.180	222	31	8	3350	3569	326095	325885	1.45e-34	158
NC_022547.1	NC_022546|1	93.396	106	7	0	359476	359581	329393	329498	1.45e-34	158
NC_022547.1	NC_022546|1	90.756	119	9	2	359476	359593	2025540	2025423	1.45e-34	158
NC_022547.1	NC_022546|1	93.396	106	7	0	359476	359581	2365194	2365299	1.45e-34	158
NC_022547.1	NC_022546|1	93.396	106	7	0	359476	359581	3191485	3191380	1.45e-34	158
NC_022547.1	NC_022546|1	93.333	105	7	0	1	105	93925	94029	5.23e-34	156
NC_022547.1	NC_022546|1	93.333	105	7	0	1	105	105039	104935	5.23e-34	156
NC_022547.1	NC_022546|1	93.333	105	7	0	1	105	329497	329393	5.23e-34	156
NC_022547.1	NC_022546|1	93.333	105	7	0	1	105	2025436	2025540	5.23e-34	156
NC_022547.1	NC_022546|1	93.333	105	7	0	1	105	2365298	2365194	5.23e-34	156
NC_022547.1	NC_022546|1	93.333	105	7	0	1	105	3191381	3191485	5.23e-34	156
NC_022547.1	NC_022546|1	93.684	95	4	2	706376	706469	1754522	1754615	1.46e-29	141
NC_022547.1	NC_022546|1	100.000	74	0	0	1038969	1039042	670748	670675	1.89e-28	137
NC_022547.1	NC_022546|1	100.000	74	0	0	1038969	1039042	1488053	1487980	1.89e-28	137
NC_022547.1	NC_022546|1	94.318	88	5	0	978670	978757	917989	917902	6.81e-28	135
NC_022547.1	NC_022546|1	95.294	85	3	1	580003	580087	101437	101354	2.45e-27	134
NC_022547.1	NC_022546|1	95.294	85	3	1	580003	580087	2029039	2029122	2.45e-27	134
NC_022547.1	NC_022546|1	96.296	81	2	1	973598	973677	2407591	2407511	8.82e-27	132
NC_022547.1	NC_022546|1	87.719	114	11	2	504179	504291	1527335	1527224	3.17e-26	130
NC_022547.1	NC_022546|1	97.333	75	2	0	1149066	1149140	329670	329596	1.14e-25	128
NC_022547.1	NC_022546|1	97.333	75	2	0	1149066	1149140	3191208	3191282	1.14e-25	128
NC_022547.1	NC_022546|1	96.104	77	3	0	779158	779234	292905	292981	4.10e-25	126
NC_022547.1	NC_022546|1	96.104	77	3	0	779158	779234	499499	499423	4.10e-25	126
NC_022547.1	NC_022546|1	96.104	77	3	0	230017	230093	1527113	1527189	4.10e-25	126
NC_022547.1	NC_022546|1	96.104	77	3	0	415719	415795	2778261	2778185	4.10e-25	126
NC_022547.1	NC_022546|1	97.260	73	2	0	1067327	1067399	622915	622843	1.48e-24	124
NC_022547.1	NC_022546|1	93.976	83	4	1	771922	772004	1923719	1923638	1.48e-24	124
NC_022547.1	NC_022546|1	95.946	74	3	0	27252	27325	2581020	2580947	1.91e-23	121
NC_022547.1	NC_022546|1	94.805	77	4	0	230017	230093	3658206	3658130	1.91e-23	121
NC_022547.1	NC_022546|1	92.683	82	6	0	79672	79753	1259883	1259802	6.86e-23	119
NC_022547.1	NC_022546|1	92.683	82	5	1	103267	103347	101356	101437	2.47e-22	117
NC_022547.1	NC_022546|1	92.683	82	5	1	103267	103347	2029120	2029039	2.47e-22	117
NC_022547.1	NC_022546|1	93.671	79	4	1	289351	289429	3191201	3191124	2.47e-22	117
NC_022547.1	NC_022546|1	93.421	76	5	0	1067327	1067402	622806	622731	3.19e-21	113
NC_022547.1	NC_022546|1	91.463	82	7	0	909655	909736	1020314	1020233	3.19e-21	113
NC_022547.1	NC_022546|1	93.151	73	5	0	579874	579946	101654	101582	1.49e-19	108
NC_022547.1	NC_022546|1	93.151	73	5	0	579874	579946	2028822	2028894	1.49e-19	108
NC_022547.1	NC_022546|1	94.118	68	4	0	1086302	1086369	3777367	3777434	1.92e-18	104
NC_022547.1	NC_022546|1	91.781	73	6	0	27623	27695	1656079	1656151	6.91e-18	102
NC_022547.1	NC_022546|1	97.872	47	1	0	779188	779234	3020336	3020290	9.00e-12	82.4
NC_022547.1	NC_022546|1	95.745	47	2	0	1086301	1086347	2619605	2619559	4.19e-10	76.8
NC_022547.1	NC_022515|1	81.325	2929	431	88	286315	289204	260001	262852	0.0	2272
NC_022547.1	NC_022515|1	81.306	2926	434	84	249	3135	262852	260001	0.0	2268
NC_022547.1	NC_022515|1	81.162	2925	441	83	356445	359332	260001	262852	0.0	2248
NC_022547.1	NC_022515|1	81.614	1561	245	33	284382	285928	258115	259647	0.0	1254
NC_022547.1	NC_022515|1	81.326	1569	247	33	3519	5073	259647	258111	0.0	1232
NC_022547.1	NC_022515|1	81.222	1571	247	35	354505	356061	258111	259647	0.0	1223
NC_022547.1	NC_022576|1	80.154	2862	448	76	355	3163	2243447	2240653	0.0	2028
NC_022547.1	NC_022576|1	80.154	2862	448	76	355	3163	2248903	2246109	0.0	2028
NC_022547.1	NC_022576|1	80.126	2868	441	82	286287	289098	2240653	2243447	0.0	2019
NC_022547.1	NC_022576|1	80.126	2868	441	82	286287	289098	2246109	2248903	0.0	2019
NC_022547.1	NC_022576|1	80.035	2860	456	73	356417	359226	2240653	2243447	0.0	2012
NC_022547.1	NC_022576|1	80.035	2860	456	73	356417	359226	2246109	2248903	0.0	2012
NC_022547.1	NC_022576|1	81.824	1557	239	32	284389	285928	2238492	2240021	0.0	1267
NC_022547.1	NC_022576|1	81.824	1557	239	32	284389	285928	2243948	2245477	0.0	1267
NC_022547.1	NC_022576|1	81.486	1561	241	33	3519	5062	2240021	2238492	0.0	1238
NC_022547.1	NC_022576|1	81.486	1561	241	33	3519	5062	2245477	2243948	0.0	1238
NC_022547.1	NC_022576|1	81.446	1563	240	35	354516	356061	2238492	2240021	0.0	1234
NC_022547.1	NC_022576|1	81.446	1563	240	35	354516	356061	2243948	2245477	0.0	1234
NC_022547.1	NC_022524|1	75.677	2512	507	82	387	2849	16111	13655	0.0	1158
NC_022547.1	NC_022524|1	75.677	2512	507	82	387	2849	38162	35706	0.0	1158
NC_022547.1	NC_022524|1	75.677	2512	507	82	387	2849	99518	97062	0.0	1158
NC_022547.1	NC_022524|1	75.677	2512	507	82	387	2849	105356	102900	0.0	1158
NC_022547.1	NC_022524|1	75.677	2512	507	82	387	2849	171262	168806	0.0	1158
NC_022547.1	NC_022524|1	75.677	2512	507	82	387	2849	272396	269940	0.0	1158
NC_022547.1	NC_022524|1	75.677	2512	507	82	387	2849	1038695	1036239	0.0	1158
NC_022547.1	NC_022524|1	75.677	2512	507	82	387	2849	3781251	3783707	0.0	1158
NC_022547.1	NC_022524|1	75.637	2512	508	82	387	2849	2893674	2896130	0.0	1153
NC_022547.1	NC_022524|1	75.547	2515	506	85	356731	359194	13655	16111	0.0	1136
NC_022547.1	NC_022524|1	75.547	2515	506	85	356731	359194	35706	38162	0.0	1136
NC_022547.1	NC_022524|1	75.547	2515	506	85	356731	359194	97062	99518	0.0	1136
NC_022547.1	NC_022524|1	75.547	2515	506	85	356731	359194	102900	105356	0.0	1136
NC_022547.1	NC_022524|1	75.547	2515	506	85	356731	359194	168806	171262	0.0	1136
NC_022547.1	NC_022524|1	75.547	2515	506	85	356731	359194	269940	272396	0.0	1136
NC_022547.1	NC_022524|1	75.547	2515	506	85	356731	359194	1036239	1038695	0.0	1136
NC_022547.1	NC_022524|1	75.547	2515	506	85	356731	359194	3783707	3781251	0.0	1136
NC_022547.1	NC_022524|1	75.497	2514	511	83	286601	289066	13655	16111	0.0	1133
NC_022547.1	NC_022524|1	75.497	2514	511	83	286601	289066	35706	38162	0.0	1133
NC_022547.1	NC_022524|1	75.497	2514	511	83	286601	289066	97062	99518	0.0	1133
NC_022547.1	NC_022524|1	75.497	2514	511	83	286601	289066	102900	105356	0.0	1133
NC_022547.1	NC_022524|1	75.497	2514	511	83	286601	289066	168806	171262	0.0	1133
NC_022547.1	NC_022524|1	75.497	2514	511	83	286601	289066	269940	272396	0.0	1133
NC_022547.1	NC_022524|1	75.497	2514	511	83	286601	289066	1036239	1038695	0.0	1133
NC_022547.1	NC_022524|1	75.497	2514	511	83	286601	289066	3783707	3781251	0.0	1133
NC_022547.1	NC_022524|1	75.507	2515	507	85	356731	359194	2896130	2893674	0.0	1131
NC_022547.1	NC_022524|1	75.457	2514	512	83	286601	289066	2896130	2893674	0.0	1127
NC_022547.1	NC_022524|1	77.841	1575	289	53	3519	5063	12928	11384	0.0	920
NC_022547.1	NC_022524|1	77.855	1576	287	54	3519	5063	96534	94990	0.0	920
NC_022547.1	NC_022524|1	77.841	1575	289	53	3519	5063	102372	100828	0.0	920
NC_022547.1	NC_022524|1	77.855	1576	287	54	3519	5063	168278	166734	0.0	920
NC_022547.1	NC_022524|1	77.841	1575	289	53	3519	5063	269412	267868	0.0	920
NC_022547.1	NC_022524|1	77.841	1575	289	52	3519	5063	1035598	1034054	0.0	920
NC_022547.1	NC_022524|1	77.863	1572	288	53	3519	5060	3784349	3785890	0.0	920
NC_022547.1	NC_022524|1	77.813	1573	289	53	284388	285928	11384	12928	0.0	917
NC_022547.1	NC_022524|1	77.813	1573	289	53	284388	285928	94990	96534	0.0	917
NC_022547.1	NC_022524|1	77.813	1573	289	53	284388	285928	100828	102372	0.0	917
NC_022547.1	NC_022524|1	77.813	1573	289	53	284388	285928	166734	168278	0.0	917
NC_022547.1	NC_022524|1	77.813	1573	289	53	284388	285928	267868	269412	0.0	917
NC_022547.1	NC_022524|1	77.799	1572	291	51	284388	285928	1034054	1035598	0.0	917
NC_022547.1	NC_022524|1	77.834	1570	288	53	284391	285928	3785890	3784349	0.0	917
NC_022547.1	NC_022524|1	77.785	1571	291	51	3519	5060	2896771	2898312	0.0	915
NC_022547.1	NC_022524|1	77.743	1577	289	55	354515	356061	11384	12928	0.0	911
NC_022547.1	NC_022524|1	77.757	1578	287	56	354515	356061	94990	96534	0.0	911
NC_022547.1	NC_022524|1	77.743	1577	289	55	354515	356061	100828	102372	0.0	911
NC_022547.1	NC_022524|1	77.757	1578	287	56	354515	356061	166734	168278	0.0	911
NC_022547.1	NC_022524|1	77.743	1577	289	55	354515	356061	267868	269412	0.0	911
NC_022547.1	NC_022524|1	77.743	1577	289	54	354515	356061	1034054	1035598	0.0	911
NC_022547.1	NC_022524|1	77.757	1569	291	51	284391	285928	2898312	2896771	0.0	911
NC_022547.1	NC_022524|1	77.764	1574	288	55	354518	356061	3785890	3784349	0.0	911
NC_022547.1	NC_022524|1	77.700	1574	293	51	3519	5063	34979	33435	0.0	909
NC_022547.1	NC_022524|1	77.672	1572	293	51	284388	285928	33435	34979	0.0	905
NC_022547.1	NC_022524|1	77.686	1573	291	53	354518	356061	2898312	2896771	0.0	905
NC_022547.1	NC_022524|1	77.602	1576	293	53	354515	356061	33435	34979	0.0	900
NC_022547.1	NC_022524|1	91.892	74	6	0	230020	230093	1039527	1039454	1.92e-18	104
NC_022547.1	NC_022524|1	91.892	74	6	0	230020	230093	3779564	3779637	1.92e-18	104
NC_022547.1	NC_022524|1	86.364	88	8	4	579874	579961	3779961	3780044	4.16e-15	93.5
NC_022547.1	NC_022524|1	89.041	73	8	0	579874	579946	13167	13095	1.50e-14	91.6
NC_022547.1	NC_022524|1	89.041	73	8	0	579874	579946	35218	35146	1.50e-14	91.6
NC_022547.1	NC_022524|1	86.207	87	8	4	579874	579960	100679	100597	1.50e-14	91.6
NC_022547.1	NC_022524|1	89.041	73	8	0	579874	579946	172645	172573	1.50e-14	91.6
NC_022547.1	NC_022524|1	86.076	79	11	0	79574	79652	99930	100008	6.96e-13	86.1
NC_022547.1	NC_022524|1	86.076	79	11	0	79574	79652	172017	172095	6.96e-13	86.1
NC_022547.1	NC_022524|1	86.667	75	10	0	79578	79652	3780787	3780713	2.50e-12	84.2
NC_022547.1	NC_022524|1	86.301	73	10	0	79580	79652	1039985	1040057	3.24e-11	80.5
NC_022547.1	NC_022583|1	74.732	2616	542	92	262	2835	478031	480569	0.0	1059
NC_022547.1	NC_022583|1	74.694	2616	543	91	262	2835	200061	197523	0.0	1053
NC_022547.1	NC_022583|1	74.666	2617	543	92	356745	359319	480569	478031	0.0	1050
NC_022547.1	NC_022583|1	74.627	2617	544	91	356745	359319	197523	200061	0.0	1044
NC_022547.1	NC_022583|1	78.882	1127	214	20	288074	289191	198950	200061	0.0	741
NC_022547.1	NC_022583|1	78.793	1127	215	20	288074	289191	479142	478031	0.0	736
NC_022547.1	NC_022583|1	89.157	83	8	1	230011	230093	606306	606387	6.91e-18	102
NC_022547.1	NC_022583|1	94.444	54	2	1	79575	79627	194802	194855	9.00e-12	82.4
NC_022547.1	NC_022568|1	74.818	2474	515	91	286664	289095	234152	236559	0.0	1018
NC_022547.1	NC_022568|1	74.818	2474	515	91	286664	289095	240174	242581	0.0	1018
NC_022547.1	NC_022568|1	74.778	2474	516	91	286664	289095	1747773	1745366	0.0	1013
NC_022547.1	NC_022568|1	74.778	2474	516	91	286664	289095	1851746	1849339	0.0	1013
NC_022547.1	NC_022568|1	74.778	2474	516	91	286664	289095	2400573	2398166	0.0	1013
NC_022547.1	NC_022568|1	74.778	2474	516	91	286664	289095	2634467	2632060	0.0	1013
NC_022547.1	NC_022568|1	78.621	1581	275	51	284380	285928	231941	233490	0.0	989
NC_022547.1	NC_022568|1	78.621	1581	275	51	284380	285928	237963	239512	0.0	989
NC_022547.1	NC_022568|1	78.598	1584	273	54	3519	5070	233490	231941	0.0	987
NC_022547.1	NC_022568|1	78.598	1584	273	54	3519	5070	239512	237963	0.0	987
NC_022547.1	NC_022568|1	78.558	1581	276	51	284380	285928	1749984	1748435	0.0	983
NC_022547.1	NC_022568|1	78.558	1581	276	50	284380	285928	1853957	1852408	0.0	983
NC_022547.1	NC_022568|1	78.558	1581	276	51	284380	285928	2403035	2401486	0.0	983
NC_022547.1	NC_022568|1	78.558	1581	276	50	284380	285928	2636929	2635380	0.0	983
NC_022547.1	NC_022568|1	80.606	1320	214	36	3519	4817	1748435	1749733	0.0	981
NC_022547.1	NC_022568|1	80.606	1320	214	36	3519	4817	1852408	1853706	0.0	981
NC_022547.1	NC_022568|1	80.606	1320	214	36	3519	4817	2401486	2402784	0.0	981
NC_022547.1	NC_022568|1	80.606	1320	214	36	3519	4817	2635380	2636678	0.0	981
NC_022547.1	NC_022568|1	78.499	1586	273	56	354508	356061	231941	233490	0.0	977
NC_022547.1	NC_022568|1	78.499	1586	273	56	354508	356061	237963	239512	0.0	977
NC_022547.1	NC_022568|1	80.484	1322	214	38	354761	356061	1749733	1748435	0.0	972
NC_022547.1	NC_022568|1	80.484	1322	214	38	354761	356061	1853706	1852408	0.0	972
NC_022547.1	NC_022568|1	80.484	1322	214	38	354761	356061	2402784	2401486	0.0	972
NC_022547.1	NC_022568|1	80.484	1322	214	38	354761	356061	2636678	2635380	0.0	972
NC_022547.1	NC_022568|1	76.936	1201	240	28	358	1548	236559	235386	0.0	649
NC_022547.1	NC_022568|1	76.936	1201	240	28	358	1548	242581	241408	0.0	649
NC_022547.1	NC_022568|1	76.936	1201	240	28	358	1548	1745366	1746539	0.0	649
NC_022547.1	NC_022568|1	76.936	1201	240	28	358	1548	1849339	1850512	0.0	649
NC_022547.1	NC_022568|1	76.936	1201	240	28	358	1548	2398166	2399339	0.0	649
NC_022547.1	NC_022568|1	76.936	1201	240	28	358	1548	2632060	2633233	0.0	649
NC_022547.1	NC_022568|1	78.073	1017	205	15	358215	359223	235553	236559	9.22e-176	627
NC_022547.1	NC_022568|1	78.073	1017	205	15	358215	359223	241575	242581	9.22e-176	627
NC_022547.1	NC_022568|1	78.073	1017	205	15	358215	359223	1746372	1745366	9.22e-176	627
NC_022547.1	NC_022568|1	78.073	1017	205	15	358215	359223	1850345	1849339	9.22e-176	627
NC_022547.1	NC_022568|1	78.073	1017	205	15	358215	359223	2399172	2398166	9.22e-176	627
NC_022547.1	NC_022568|1	78.073	1017	205	15	358215	359223	2633066	2632060	9.22e-176	627
NC_022547.1	NC_022568|1	93.243	74	5	0	230020	230093	1743815	1743888	4.13e-20	110
NC_022547.1	NC_022568|1	93.243	74	5	0	230020	230093	2397350	2397423	4.13e-20	110
NC_022547.1	NC_022568|1	82.812	128	16	6	635447	635571	2547093	2547217	4.13e-20	110
NC_022547.1	NC_022568|1	88.095	84	9	1	579869	579951	1744238	1744321	8.94e-17	99.0
NC_022547.1	NC_022568|1	88.608	79	8	1	79575	79652	236948	237026	1.16e-15	95.3
NC_022547.1	NC_022568|1	88.608	79	8	1	79575	79652	1744978	1744900	1.16e-15	95.3
NC_022547.1	NC_022568|1	89.041	73	8	0	579874	579946	237685	237613	1.50e-14	91.6
NC_022547.1	NC_022568|1	89.041	73	8	0	579874	579946	2401163	2401235	1.50e-14	91.6
NC_022547.1	NC_022568|1	89.041	73	8	0	579874	579946	2635057	2635129	1.50e-14	91.6
NC_022547.1	NC_022535|1	80.804	1318	196	38	284628	285928	57325	58602	0.0	979
NC_022547.1	NC_022535|1	80.819	1319	194	40	3519	4819	58602	57325	0.0	979
NC_022547.1	NC_022535|1	80.819	1319	194	40	3519	4819	2522854	2524131	0.0	979
NC_022547.1	NC_022535|1	80.804	1318	196	38	284628	285928	2524131	2522854	0.0	979
NC_022547.1	NC_022535|1	80.772	1321	193	42	354759	356061	57325	58602	0.0	976
NC_022547.1	NC_022535|1	80.772	1321	193	42	354759	356061	2524131	2522854	0.0	976
NC_022547.1	NC_022535|1	80.916	1179	178	33	287905	289073	61192	62333	0.0	887
NC_022547.1	NC_022535|1	80.916	1179	178	33	380	1548	62333	61192	0.0	887
NC_022547.1	NC_022535|1	80.916	1179	178	33	380	1548	2519123	2520264	0.0	887
NC_022547.1	NC_022535|1	80.916	1179	178	33	287905	289073	2520264	2519123	0.0	887
NC_022547.1	NC_022535|1	80.610	1181	180	34	358031	359201	61192	62333	0.0	867
NC_022547.1	NC_022535|1	80.610	1181	180	34	358031	359201	2520264	2519123	0.0	867
NC_022547.1	NC_022535|1	79.764	1270	190	56	1750	2995	61093	59867	0.0	859
NC_022547.1	NC_022535|1	79.733	1273	191	56	1747	2995	2520360	2521589	0.0	859
NC_022547.1	NC_022535|1	79.686	1275	184	62	286455	287702	59867	61093	0.0	850
NC_022547.1	NC_022535|1	79.656	1278	185	62	286455	287705	2521589	2520360	0.0	850
NC_022547.1	NC_022535|1	79.511	1269	194	55	356585	357829	59867	61093	0.0	843
NC_022547.1	NC_022535|1	79.481	1272	195	55	356585	357832	2521589	2520360	0.0	843
NC_022547.1	NC_022516|1	78.258	1573	275	58	284391	285928	95172	96712	0.0	948
NC_022547.1	NC_022516|1	78.258	1573	275	58	284391	285928	346717	348257	0.0	948
NC_022547.1	NC_022516|1	78.244	1572	277	56	284391	285928	455499	457039	0.0	948
NC_022547.1	NC_022516|1	78.072	1587	275	63	3519	5070	96712	95164	0.0	935
NC_022547.1	NC_022516|1	78.072	1587	275	63	3519	5070	348257	346709	0.0	935
NC_022547.1	NC_022516|1	78.058	1586	277	61	3519	5070	457039	455491	0.0	935
NC_022547.1	NC_022516|1	78.067	1573	278	58	284391	285928	18893	20433	0.0	931
NC_022547.1	NC_022516|1	77.974	1589	275	64	354508	356061	95164	96712	0.0	926
NC_022547.1	NC_022516|1	77.974	1589	275	64	354508	356061	346709	348257	0.0	926
NC_022547.1	NC_022516|1	77.974	1589	275	64	354508	356061	455491	457039	0.0	926
NC_022547.1	NC_022516|1	77.883	1587	278	63	3519	5070	20433	18885	0.0	918
NC_022547.1	NC_022516|1	77.785	1589	278	64	354508	356061	18885	20433	0.0	909
NC_022547.1	NC_022516|1	79.942	1032	185	15	288074	289095	98915	99934	0.0	739
NC_022547.1	NC_022516|1	79.942	1032	185	15	358	1379	99934	98915	0.0	739
NC_022547.1	NC_022516|1	79.942	1032	185	15	288074	289095	350460	351479	0.0	739
NC_022547.1	NC_022516|1	79.942	1032	185	15	358	1379	351479	350460	0.0	739
NC_022547.1	NC_022516|1	79.942	1032	185	15	288074	289095	459242	460261	0.0	739
NC_022547.1	NC_022516|1	79.942	1032	185	15	358	1379	460261	459242	0.0	739
NC_022547.1	NC_022516|1	79.787	1034	185	17	358200	359223	98915	99934	0.0	730
NC_022547.1	NC_022516|1	79.787	1034	185	17	358200	359223	350460	351479	0.0	730
NC_022547.1	NC_022516|1	79.787	1034	185	17	358200	359223	459242	460261	0.0	730
NC_022547.1	NC_022516|1	79.651	1032	188	15	288074	289095	22636	23655	0.0	728
NC_022547.1	NC_022516|1	79.651	1032	188	15	358	1379	23655	22636	0.0	728
NC_022547.1	NC_022516|1	79.497	1034	188	17	358200	359223	22636	23655	0.0	719
NC_022547.1	NC_022516|1	75.347	288	63	8	89363	89646	122083	122366	8.82e-27	132
NC_022547.1	NC_022516|1	88.608	79	9	0	579872	579950	20562	20484	3.22e-16	97.1
NC_022547.1	NC_022516|1	88.608	79	9	0	579872	579950	96841	96763	3.22e-16	97.1
NC_022547.1	NC_022516|1	88.608	79	9	0	579872	579950	348386	348308	3.22e-16	97.1
NC_022547.1	NC_022516|1	88.608	79	9	0	579872	579950	457168	457090	3.22e-16	97.1
NC_022547.1	NC_022516|1	89.333	75	8	0	230020	230094	25257	25183	1.16e-15	95.3
NC_022547.1	NC_022516|1	89.189	74	8	0	230020	230093	100866	100793	4.16e-15	93.5
NC_022547.1	NC_022582|1	77.841	1584	284	58	3519	5070	2020106	2018558	0.0	918
NC_022547.1	NC_022582|1	77.707	1579	292	53	284380	285928	2018558	2020106	0.0	911
NC_022547.1	NC_022582|1	77.715	1593	284	62	354501	356061	2018553	2020106	0.0	909
NC_022547.1	NC_022582|1	77.680	1586	283	60	3519	5070	329518	327970	0.0	902
NC_022547.1	NC_022582|1	77.546	1581	291	55	284380	285928	327970	329518	0.0	894
NC_022547.1	NC_022582|1	77.555	1595	283	64	354501	356061	327965	329518	0.0	893
NC_022547.1	NC_022582|1	79.768	1033	187	15	288074	289095	235491	236512	0.0	730
NC_022547.1	NC_022582|1	79.768	1033	187	15	358	1379	236512	235491	0.0	730
NC_022547.1	NC_022582|1	79.768	1033	187	15	288074	289095	331543	332564	0.0	730
NC_022547.1	NC_022582|1	79.768	1033	187	15	358	1379	332564	331543	0.0	730
NC_022547.1	NC_022582|1	79.768	1033	187	15	288074	289095	2022131	2023152	0.0	730
NC_022547.1	NC_022582|1	79.768	1033	187	15	358	1379	2023152	2022131	0.0	730
NC_022547.1	NC_022582|1	79.614	1035	187	17	358200	359223	235491	236512	0.0	721
NC_022547.1	NC_022582|1	79.614	1035	187	17	358200	359223	331543	332564	0.0	721
NC_022547.1	NC_022582|1	79.614	1035	187	17	358200	359223	2022131	2023152	0.0	721
NC_022547.1	NC_022582|1	78.328	1029	187	30	288074	289088	1903712	1904718	1.98e-177	632
NC_022547.1	NC_022582|1	78.328	1029	187	30	365	1379	1904718	1903712	1.98e-177	632
NC_022547.1	NC_022582|1	78.177	1031	187	32	358200	359216	1903712	1904718	1.19e-174	623
NC_022547.1	NC_022582|1	80.164	852	147	15	288074	288914	1900273	1901113	5.55e-173	617
NC_022547.1	NC_022582|1	80.164	852	147	15	539	1379	1901113	1900273	5.55e-173	617
NC_022547.1	NC_022582|1	79.977	854	147	17	358200	359042	1900273	1901113	3.34e-170	608
NC_022547.1	NC_022582|1	74.334	1126	212	60	356745	357835	1902332	1903415	1.31e-109	407
NC_022547.1	NC_022582|1	74.268	1127	212	61	1744	2835	1903415	1902332	1.69e-108	403
NC_022547.1	NC_022582|1	74.136	1129	212	63	286615	287708	1902332	1903415	1.02e-105	394
NC_022547.1	NC_022582|1	88.750	80	9	0	579871	579950	329648	329569	8.94e-17	99.0
NC_022547.1	NC_022582|1	88.750	80	9	0	579871	579950	2020236	2020157	8.94e-17	99.0
NC_022547.1	NC_022582|1	89.189	74	8	0	230020	230093	533	460	4.16e-15	93.5
NC_022547.1	NC_022582|1	89.189	74	8	0	230020	230093	1906624	1906551	4.16e-15	93.5
NC_022547.1	NC_022584|1	77.743	1586	282	59	3519	5070	1538417	1536869	0.0	907
NC_022547.1	NC_022584|1	77.743	1586	282	59	3519	5070	1989236	1987688	0.0	907
NC_022547.1	NC_022584|1	77.623	1582	288	57	284380	285928	1536869	1538417	0.0	900
NC_022547.1	NC_022584|1	77.623	1582	288	57	284380	285928	1987688	1989236	0.0	900
NC_022547.1	NC_022584|1	77.618	1595	282	63	354501	356061	1536864	1538417	0.0	898
NC_022547.1	NC_022584|1	77.618	1595	282	63	354501	356061	1987683	1989236	0.0	898
NC_022547.1	NC_022584|1	79.768	1033	187	15	288074	289095	1991263	1992284	0.0	730
NC_022547.1	NC_022584|1	79.768	1033	187	15	358	1379	1992284	1991263	0.0	730
NC_022547.1	NC_022584|1	79.671	1033	188	15	288074	289095	1540444	1541465	0.0	725
NC_022547.1	NC_022584|1	79.671	1033	188	15	358	1379	1541465	1540444	0.0	725
NC_022547.1	NC_022584|1	79.614	1035	187	17	358200	359223	1991263	1992284	0.0	721
NC_022547.1	NC_022584|1	79.517	1035	188	17	358200	359223	1540444	1541465	0.0	715
NC_022547.1	NC_022584|1	81.555	553	102	0	288543	289095	1665642	1666194	1.28e-124	457
NC_022547.1	NC_022584|1	81.555	553	102	0	358671	359223	1665642	1666194	1.28e-124	457
NC_022547.1	NC_022584|1	81.555	553	102	0	358	910	1666194	1665642	1.28e-124	457
NC_022547.1	NC_022584|1	81.555	553	102	0	288543	289095	1899387	1899939	1.28e-124	457
NC_022547.1	NC_022584|1	81.555	553	102	0	358671	359223	1899387	1899939	1.28e-124	457
NC_022547.1	NC_022584|1	81.555	553	102	0	358	910	1899939	1899387	1.28e-124	457
NC_022547.1	NC_022584|1	81.569	255	47	0	288841	289095	1541779	1542033	1.10e-50	211
NC_022547.1	NC_022584|1	81.569	255	47	0	358969	359223	1541779	1542033	1.10e-50	211
NC_022547.1	NC_022584|1	81.569	255	47	0	358	612	1542033	1541779	1.10e-50	211
NC_022547.1	NC_022584|1	88.750	80	9	0	579871	579950	1538547	1538468	8.94e-17	99.0
NC_022547.1	NC_022584|1	88.750	80	9	0	579871	579950	1989366	1989287	8.94e-17	99.0
NC_022547.1	NC_022584|1	89.189	74	8	0	230020	230093	1543734	1543661	4.16e-15	93.5
NC_022547.1	NC_022584|1	89.189	74	8	0	230020	230093	1667059	1666986	4.16e-15	93.5
NC_022547.1	NC_022593|1	79.316	1315	239	29	3519	4817	560664	559367	0.0	891
NC_022547.1	NC_022593|1	79.316	1315	239	29	3519	4817	2142987	2144284	0.0	891
NC_022547.1	NC_022593|1	79.316	1315	239	29	3519	4817	2405692	2406989	0.0	891
NC_022547.1	NC_022593|1	79.316	1315	239	29	3519	4817	2447703	2449000	0.0	891
NC_022547.1	NC_022593|1	79.316	1315	239	29	3519	4817	2556968	2558265	0.0	891
NC_022547.1	NC_022593|1	79.316	1315	239	29	3519	4817	2586763	2588060	0.0	891
NC_022547.1	NC_022593|1	79.224	1314	242	28	284630	285928	559367	560664	0.0	885
NC_022547.1	NC_022593|1	79.224	1314	242	28	284630	285928	2144284	2142987	0.0	885
NC_022547.1	NC_022593|1	79.224	1314	242	28	284630	285928	2406989	2405692	0.0	885
NC_022547.1	NC_022593|1	79.224	1314	242	28	284630	285928	2449000	2447703	0.0	885
NC_022547.1	NC_022593|1	79.224	1314	242	28	284630	285928	2558265	2556968	0.0	885
NC_022547.1	NC_022593|1	79.224	1314	242	28	284630	285928	2588060	2586763	0.0	885
NC_022547.1	NC_022593|1	79.179	1316	241	29	354761	356061	559367	560664	0.0	881
NC_022547.1	NC_022593|1	79.179	1316	241	29	354761	356061	2144284	2142987	0.0	881
NC_022547.1	NC_022593|1	79.179	1316	241	29	354761	356061	2406989	2405692	0.0	881
NC_022547.1	NC_022593|1	79.179	1316	241	29	354761	356061	2449000	2447703	0.0	881
NC_022547.1	NC_022593|1	79.179	1316	241	29	354761	356061	2558265	2556968	0.0	881
NC_022547.1	NC_022593|1	79.179	1316	241	29	354761	356061	2588060	2586763	0.0	881
NC_022547.1	NC_022593|1	79.845	1032	174	24	288074	289088	562741	563755	0.0	723
NC_022547.1	NC_022593|1	79.845	1032	174	24	365	1379	563755	562741	0.0	723
NC_022547.1	NC_022593|1	79.845	1032	174	24	365	1379	2139896	2140910	0.0	723
NC_022547.1	NC_022593|1	79.845	1032	174	24	288074	289088	2140910	2139896	0.0	723
NC_022547.1	NC_022593|1	79.845	1032	174	24	365	1379	2402601	2403615	0.0	723
NC_022547.1	NC_022593|1	79.845	1032	174	24	288074	289088	2403615	2402601	0.0	723
NC_022547.1	NC_022593|1	79.845	1032	174	24	365	1379	2444612	2445626	0.0	723
NC_022547.1	NC_022593|1	79.845	1032	174	24	288074	289088	2445626	2444612	0.0	723
NC_022547.1	NC_022593|1	79.845	1032	174	24	365	1379	2553877	2554891	0.0	723
NC_022547.1	NC_022593|1	79.845	1032	174	24	288074	289088	2554891	2553877	0.0	723
NC_022547.1	NC_022593|1	79.845	1032	174	24	365	1379	2583672	2584686	0.0	723
NC_022547.1	NC_022593|1	79.845	1032	174	24	288074	289088	2584686	2583672	0.0	723
NC_022547.1	NC_022593|1	79.691	1034	174	26	358200	359216	562741	563755	0.0	713
NC_022547.1	NC_022593|1	79.691	1034	174	26	358200	359216	2140910	2139896	0.0	713
NC_022547.1	NC_022593|1	79.691	1034	174	26	358200	359216	2403615	2402601	0.0	713
NC_022547.1	NC_022593|1	79.691	1034	174	26	358200	359216	2445626	2444612	0.0	713
NC_022547.1	NC_022593|1	79.691	1034	174	26	358200	359216	2554891	2553877	0.0	713
NC_022547.1	NC_022593|1	79.691	1034	174	26	358200	359216	2584686	2583672	0.0	713
NC_022547.1	NC_022593|1	75.934	1097	212	43	356794	357870	561373	562437	2.08e-142	516
NC_022547.1	NC_022593|1	75.934	1097	212	43	356794	357870	2142278	2141214	2.08e-142	516
NC_022547.1	NC_022593|1	75.934	1097	212	43	356794	357870	2404983	2403919	2.08e-142	516
NC_022547.1	NC_022593|1	75.934	1097	212	43	356794	357870	2446994	2445930	2.08e-142	516
NC_022547.1	NC_022593|1	75.934	1097	212	43	356794	357870	2556259	2555195	2.08e-142	516
NC_022547.1	NC_022593|1	75.934	1097	212	43	356794	357870	2586054	2584990	2.08e-142	516
NC_022547.1	NC_022593|1	75.865	1098	212	43	1709	2786	562437	561373	9.69e-141	510
NC_022547.1	NC_022593|1	75.865	1098	212	43	1709	2786	2141214	2142278	9.69e-141	510
NC_022547.1	NC_022593|1	75.865	1098	212	43	1709	2786	2403919	2404983	9.69e-141	510
NC_022547.1	NC_022593|1	75.865	1098	212	43	1709	2786	2445930	2446994	9.69e-141	510
NC_022547.1	NC_022593|1	75.865	1098	212	43	1709	2786	2555195	2556259	9.69e-141	510
NC_022547.1	NC_022593|1	75.865	1098	212	43	1709	2786	2584990	2586054	9.69e-141	510
NC_022547.1	NC_022593|1	75.727	1100	212	46	286664	287743	561373	562437	5.83e-138	501
NC_022547.1	NC_022593|1	75.727	1100	212	46	286664	287743	2142278	2141214	5.83e-138	501
NC_022547.1	NC_022593|1	75.727	1100	212	46	286664	287743	2404983	2403919	5.83e-138	501
NC_022547.1	NC_022593|1	75.727	1100	212	46	286664	287743	2446994	2445930	5.83e-138	501
NC_022547.1	NC_022593|1	75.727	1100	212	46	286664	287743	2556259	2555195	5.83e-138	501
NC_022547.1	NC_022593|1	75.727	1100	212	46	286664	287743	2586054	2584990	5.83e-138	501
NC_022547.1	NC_022593|1	83.333	120	18	2	1002931	1003049	1876463	1876345	4.13e-20	110
NC_022547.1	NC_022593|1	89.024	82	9	0	579870	579951	560835	560754	6.91e-18	102
NC_022547.1	NC_022593|1	89.024	82	9	0	579870	579951	2142816	2142897	6.91e-18	102
NC_022547.1	NC_022593|1	89.024	82	9	0	579870	579951	2405521	2405602	6.91e-18	102
NC_022547.1	NC_022593|1	89.024	82	9	0	579870	579951	2447532	2447613	6.91e-18	102
NC_022547.1	NC_022593|1	89.024	82	9	0	579870	579951	2556797	2556878	6.91e-18	102
NC_022547.1	NC_022593|1	89.024	82	9	0	579870	579951	2586592	2586673	6.91e-18	102
NC_022547.1	NC_022593|1	90.476	63	6	0	230031	230093	28076	28014	2.50e-12	84.2
NC_022547.1	NC_022593|1	95.122	41	2	0	393865	393905	1006524	1006564	9.07e-07	65.8
NC_022547.1	NC_022593|1	100.000	28	0	0	323636	323663	1461155	1461128	0.007	52.8
NC_022547.1	NC_022600|1	78.351	1455	251	40	284485	285928	2733085	2731684	0.0	883
NC_022547.1	NC_022600|1	79.345	1312	225	30	354760	356061	2732959	2731684	0.0	880
NC_022547.1	NC_022600|1	79.297	1309	229	27	3519	4818	2731684	2732959	0.0	878
NC_022547.1	NC_022600|1	78.019	323	59	9	1059	1376	2729234	2729549	3.99e-45	193
NC_022547.1	NC_022600|1	78.019	323	59	9	288077	288394	2729549	2729234	3.99e-45	193
NC_022547.1	NC_022600|1	77.955	313	57	9	358215	358522	2729539	2729234	6.67e-43	185
NC_022547.1	NC_022600|1	88.312	77	7	2	579874	579950	2731387	2731461	1.50e-14	91.6
NC_022547.1	NC_022600|1	93.750	48	3	0	80051	80098	2795069	2795022	5.42e-09	73.1
NC_022547.1	NC_022532|1	77.050	1573	294	61	284391	285928	19548	21088	0.0	843
NC_022547.1	NC_022532|1	78.792	1325	230	45	3519	4817	21088	19789	0.0	843
NC_022547.1	NC_022532|1	77.050	1573	294	61	284391	285928	80040	81580	0.0	843
NC_022547.1	NC_022532|1	78.792	1325	230	45	3519	4817	81580	80281	0.0	843
NC_022547.1	NC_022532|1	77.050	1573	294	61	284391	285928	293147	294687	0.0	843
NC_022547.1	NC_022532|1	78.792	1325	230	45	3519	4817	294687	293388	0.0	843
NC_022547.1	NC_022532|1	77.050	1573	294	61	284391	285928	347324	348864	0.0	843
NC_022547.1	NC_022532|1	78.792	1325	230	45	3519	4817	348864	347565	0.0	843
NC_022547.1	NC_022532|1	78.792	1325	230	46	3519	4817	1554889	1556188	0.0	843
NC_022547.1	NC_022532|1	78.776	1324	232	44	284630	285928	1556188	1554889	0.0	843
NC_022547.1	NC_022532|1	78.658	1326	232	45	354761	356061	19789	21088	0.0	833
NC_022547.1	NC_022532|1	78.658	1326	232	45	354761	356061	80281	81580	0.0	833
NC_022547.1	NC_022532|1	78.658	1326	232	45	354761	356061	293388	294687	0.0	833
NC_022547.1	NC_022532|1	78.658	1326	232	45	354761	356061	347565	348864	0.0	833
NC_022547.1	NC_022532|1	78.658	1326	232	46	354761	356061	1556188	1554889	0.0	833
NC_022547.1	NC_022532|1	80.347	1038	177	19	288074	289098	23149	24172	0.0	761
NC_022547.1	NC_022532|1	80.347	1038	177	19	355	1379	24172	23149	0.0	761
NC_022547.1	NC_022532|1	80.347	1038	177	19	288074	289098	83641	84664	0.0	761
NC_022547.1	NC_022532|1	80.347	1038	177	19	355	1379	84664	83641	0.0	761
NC_022547.1	NC_022532|1	80.347	1038	177	19	288074	289098	296748	297771	0.0	761
NC_022547.1	NC_022532|1	80.347	1038	177	19	355	1379	297771	296748	0.0	761
NC_022547.1	NC_022532|1	80.347	1038	177	19	288074	289098	350925	351948	0.0	761
NC_022547.1	NC_022532|1	80.347	1038	177	19	355	1379	351948	350925	0.0	761
NC_022547.1	NC_022532|1	80.287	1045	177	20	348	1379	1551800	1552828	0.0	761
NC_022547.1	NC_022532|1	80.287	1045	177	20	288074	289105	1552828	1551800	0.0	761
NC_022547.1	NC_022532|1	80.192	1040	177	21	358200	359226	23149	24172	0.0	752
NC_022547.1	NC_022532|1	80.192	1040	177	21	358200	359226	83641	84664	0.0	752
NC_022547.1	NC_022532|1	80.192	1040	177	21	358200	359226	296748	297771	0.0	752
NC_022547.1	NC_022532|1	80.192	1040	177	21	358200	359226	350925	351948	0.0	752
NC_022547.1	NC_022532|1	80.134	1047	177	22	358200	359233	1552828	1551800	0.0	752
NC_022547.1	NC_022532|1	90.541	74	7	0	230020	230093	25646	25573	8.94e-17	99.0
NC_022547.1	NC_022532|1	90.541	74	7	0	230020	230093	85517	85444	8.94e-17	99.0
NC_022547.1	NC_022532|1	88.608	79	9	0	579872	579950	21217	21139	3.22e-16	97.1
NC_022547.1	NC_022532|1	88.608	79	9	0	579872	579950	81709	81631	3.22e-16	97.1
NC_022547.1	NC_022532|1	88.608	79	9	0	579872	579950	294816	294738	3.22e-16	97.1
NC_022547.1	NC_022532|1	88.608	79	9	0	579872	579950	348993	348915	3.22e-16	97.1
NC_022547.1	NC_022532|1	88.608	79	9	0	579872	579950	1554760	1554838	3.22e-16	97.1
NC_022547.1	NC_022550|1	78.084	1232	215	41	368	1588	291999	290812	0.0	728
NC_022547.1	NC_022550|1	78.049	1230	215	41	287867	289085	290814	291999	0.0	725
NC_022547.1	NC_022550|1	79.138	1021	190	21	358200	359213	290995	291999	0.0	684
NC_022547.1	NC_022550|1	76.675	1209	221	51	284629	285810	287641	288815	7.18e-172	614
NC_022547.1	NC_022550|1	76.675	1209	221	51	3637	4818	288815	287641	7.18e-172	614
NC_022547.1	NC_022550|1	76.631	1211	220	52	354760	355943	287641	288815	9.29e-171	610
NC_022547.1	NC_022550|1	73.370	1104	226	57	356794	357863	289609	290678	8.04e-92	348
NC_022547.1	NC_022550|1	73.394	1105	225	58	1716	2786	290678	289609	8.04e-92	348
NC_022547.1	NC_022550|1	73.171	1107	226	60	286664	287736	289609	290678	2.25e-87	333
NC_022547.1	NC_022550|1	73.333	705	173	14	334617	335312	176055	176753	3.02e-61	246
NC_022547.1	NC_022550|1	83.108	148	17	8	357991	358134	290812	290955	1.14e-25	128
NC_022547.1	NC_022550|1	77.128	188	41	2	88885	89071	183627	183813	1.49e-19	108
NC_022547.1	NC_022550|1	95.918	49	1	1	230045	230093	517111	517064	1.16e-10	78.7
NC_022547.1	NC_022567|1	77.294	1264	238	28	3519	4773	453596	452373	0.0	699
NC_022547.1	NC_022567|1	77.294	1264	238	28	3519	4773	1824466	1825689	0.0	699
NC_022547.1	NC_022567|1	77.251	1266	237	29	354805	356061	452373	453596	0.0	695
NC_022547.1	NC_022567|1	77.251	1266	237	29	354805	356061	1825689	1824466	0.0	695
NC_022547.1	NC_022567|1	77.215	1264	239	28	284674	285928	452373	453596	0.0	693
NC_022547.1	NC_022567|1	77.215	1264	239	28	284674	285928	1825689	1824466	0.0	693
NC_022547.1	NC_022567|1	78.551	1035	196	24	288074	289096	455732	456752	0.0	658
NC_022547.1	NC_022567|1	78.551	1035	196	24	357	1379	456752	455732	0.0	658
NC_022547.1	NC_022567|1	78.585	1032	195	24	357	1376	1821310	1822327	0.0	658
NC_022547.1	NC_022567|1	78.585	1032	195	24	288077	289096	1822327	1821310	0.0	658
NC_022547.1	NC_022567|1	78.399	1037	196	26	358200	359224	455732	456752	0.0	649
NC_022547.1	NC_022567|1	78.433	1034	195	26	358203	359224	1822327	1821310	0.0	649
NC_022547.1	NC_022567|1	92.308	78	5	1	230016	230092	2687186	2687263	4.13e-20	110
NC_022547.1	NC_022523|1	76.392	1275	257	33	284674	285928	1498070	1496820	0.0	647
NC_022547.1	NC_022523|1	76.392	1275	257	33	284674	285928	1799505	1798255	0.0	647
NC_022547.1	NC_022523|1	76.392	1275	257	33	284674	285928	1890248	1888998	0.0	647
NC_022547.1	NC_022523|1	76.392	1275	257	33	284674	285928	1898956	1897706	0.0	647
NC_022547.1	NC_022523|1	76.314	1275	258	33	3519	4773	1496820	1498070	3.29e-180	641
NC_022547.1	NC_022523|1	76.314	1275	258	33	3519	4773	1798255	1799505	3.29e-180	641
NC_022547.1	NC_022523|1	76.314	1275	258	33	3519	4773	1888998	1890248	3.29e-180	641
NC_022547.1	NC_022523|1	76.314	1275	258	33	3519	4773	1897706	1898956	3.29e-180	641
NC_022547.1	NC_022523|1	76.273	1277	257	35	354805	356061	1498070	1496820	4.26e-179	638
NC_022547.1	NC_022523|1	76.273	1277	257	35	354805	356061	1799505	1798255	4.26e-179	638
NC_022547.1	NC_022523|1	76.273	1277	257	35	354805	356061	1890248	1888998	4.26e-179	638
NC_022547.1	NC_022523|1	76.273	1277	257	35	354805	356061	1898956	1897706	4.26e-179	638
NC_022547.1	NC_022523|1	77.448	909	183	20	365	1262	1493399	1494296	1.24e-144	523
NC_022547.1	NC_022523|1	77.448	909	183	20	358319	359216	1494296	1493399	1.24e-144	523
NC_022547.1	NC_022523|1	77.448	909	183	20	288191	289088	1494296	1493399	1.24e-144	523
NC_022547.1	NC_022523|1	77.448	909	183	20	365	1262	1794834	1795731	1.24e-144	523
NC_022547.1	NC_022523|1	77.448	909	183	20	358319	359216	1795731	1794834	1.24e-144	523
NC_022547.1	NC_022523|1	77.448	909	183	20	288191	289088	1795731	1794834	1.24e-144	523
NC_022547.1	NC_022523|1	77.448	909	183	20	365	1262	1885580	1886477	1.24e-144	523
NC_022547.1	NC_022523|1	77.448	909	183	20	358319	359216	1886477	1885580	1.24e-144	523
NC_022547.1	NC_022523|1	77.448	909	183	20	288191	289088	1886477	1885580	1.24e-144	523
NC_022547.1	NC_022523|1	77.448	909	183	20	365	1262	1894287	1895184	1.24e-144	523
NC_022547.1	NC_022523|1	77.448	909	183	20	358319	359216	1895184	1894287	1.24e-144	523
NC_022547.1	NC_022523|1	77.448	909	183	20	288191	289088	1895184	1894287	1.24e-144	523
NC_022547.1	NC_022523|1	80.488	82	16	0	1295	1376	1494338	1494419	3.26e-06	63.9
NC_022547.1	NC_022523|1	80.488	82	16	0	288077	288158	1494419	1494338	3.26e-06	63.9
NC_022547.1	NC_022523|1	80.488	82	16	0	1295	1376	1795773	1795854	3.26e-06	63.9
NC_022547.1	NC_022523|1	80.488	82	16	0	288077	288158	1795854	1795773	3.26e-06	63.9
NC_022547.1	NC_022523|1	80.488	82	16	0	1295	1376	1886519	1886600	3.26e-06	63.9
NC_022547.1	NC_022523|1	80.488	82	16	0	288077	288158	1886600	1886519	3.26e-06	63.9
NC_022547.1	NC_022523|1	80.488	82	16	0	1295	1376	1895226	1895307	3.26e-06	63.9
NC_022547.1	NC_022523|1	80.488	82	16	0	288077	288158	1895307	1895226	3.26e-06	63.9
NC_022547.1	NC_022523|1	84.211	57	9	0	358230	358286	1494394	1494338	5.46e-04	56.5
NC_022547.1	NC_022523|1	84.211	57	9	0	358230	358286	1795829	1795773	5.46e-04	56.5
NC_022547.1	NC_022523|1	84.211	57	9	0	358230	358286	1886575	1886519	5.46e-04	56.5
NC_022547.1	NC_022523|1	84.211	57	9	0	358230	358286	1895282	1895226	5.46e-04	56.5
NC_022547.1	NC_022575|1	73.966	895	204	25	288195	289074	102627	103507	6.26e-88	335
NC_022547.1	NC_022575|1	73.966	895	204	25	358323	359202	102627	103507	6.26e-88	335
NC_022547.1	NC_022575|1	73.966	895	204	25	379	1258	103507	102627	6.26e-88	335
NC_022547.1	NC_022575|1	81.295	139	25	1	287276	287414	101722	101859	1.15e-20	111
NC_022547.1	NC_022575|1	81.295	139	25	1	357403	357541	101722	101859	1.15e-20	111
NC_022547.1	NC_022575|1	81.295	139	25	1	2039	2177	101859	101722	1.15e-20	111
NC_022547.1	NC_022543|1	90.541	74	7	0	79957	80030	1618436	1618363	8.94e-17	99.0
